69 0.355816 0.14174 0.503421 0.505376;
69 0.466276 0.188661 0.705767 0.361681;
69 0.183773 0.490714 0.592375 0.997067;
69 0.467253 0.371457 0.690127 0.791789;
69 0.333333 0.550342 0.316716 0.596285;
69 0.346041 0.27957 0.561095 0.387097;
69 0.346041 0.921799 0.519062 0.657869;
69 0.346041 0.921799 0.519062 0.657869;
69 69 0.55132 0.595308 0.722385;
69 69 0.55132 0.595308 0.722385;
69 0.847507 0.675464 0.550342 0.565005;
69 69 0.55132 0.595308 0.722385;
69 0.823069 0.501466 0.0938416 0.997067;
69 0.799609 0.921799 0.519062 0.657869;
69 0.244379 0.210166 0.215054 0.657869;
69 0.251222 0.921799 0.519062 0.657869;
69 0.659824 0.921799 0.519062 0.657869;
69 0.56305 0.5826 0.894428 0.432063;
69 0.659824 0.921799 0.519062 0.657869;
69 0.673509 0.921799 0.519062 0.657869;
69 0.659824 0.534702 0.565982 0.300098;
69 0.99609 0.87781 0.997067 0.674487;
69 0.659824 0.921799 0.519062 0.657869;
69 0.659824 0.921799 0.519062 0.657869;
