47.8912 1-seqq1 3 0.203324;
52.2449 1-seqq1 3 0.453568;
18.8662 1-seqq1 3 0.571847;
40.6349 1-seqq1 3 0.770283;
40.6349 1-seqq1 3 0.925709;
47.8912 1-seqq1 3 0.979472;
55.1474 1-seqq1 3 0.993157;
18.8662 1-seqq1 3 0.997067;
40.6349 1-seqq1 3 0.982405;
40.6349 1-seqq1 3 0.821114;
50.7937 1-seqq1 3 0.528837;
50.7937 1-seqq1 3 0.259042;
18.8662 1-seqq1 3 0.187683;
40.6349 1-seqq1 3 0.170088;
40.6349 1-seqq1 3 0.1652;
82.7211 1-seqq1 4 0.328446;
42.0862 1-seqq1 4 0.200391;
37.7324 1-seqq1 4 0.0997067;
40.6349 1-seqq1 4 0.232649;
50.7937 1-seqq1 4 0.292278;
52.2449 1-seqq1 4 0.535679;
18.8662 1-seqq1 4 0.626588;
40.6349 1-seqq1 4 0.764418;
40.6349 1-seqq1 4 0.904203;
47.8912 1-seqq1 4 0.769306;
53.6961 1-seqq1 4 0.904203;
21.7687 1-seqq1 4 0.939394;
39.1837 1-seqq1 4 0.956989;
40.6349 1-seqq1 4 0.949169;
50.7937 1-seqq1 4 0.955034;
49.3424 1-seqq1 4 0.977517;
23.22 1-seqq1 4 0.813294;
37.7324 1-seqq1 4 0.695992;
44.9887 1-seqq1 4 0.603128;
47.8912 1-seqq1 4 0.385142;
50.7937 1-seqq1 4 0.400782;
18.8662 1-seqq1 4 0.105572;
43.5374 1-seqq1 4 0;
121.905 1-seqq1 4 0.217986;
36.2812 1-seqq1 4 0;
40.6349 1-seqq1 4 0.112414;
47.8912 1-seqq1 4 0.26784;
47.8912 1-seqq1 4 0.478006;
49.3424 1-seqq1 4 0.636364;
21.7687 1-seqq1 4 0.671554;
37.7324 1-seqq1 4 0.750733;
43.5374 1-seqq1 4 0.810362;
49.3424 1-seqq1 4 0.951124;
53.6961 1-seqq1 4 0.986315;
15.9637 1-seqq1 4 0.995112;
84.1723 1-seqq1 4 0.865103;
52.2449 1-seqq1 4 0.695015;
49.3424 1-seqq1 4 0.568915;
20.3175 1-seqq1 4 0.478983;
37.7324 1-seqq1 4 0.29521;
44.9887 1-seqq1 4 0.300098;
52.2449 1-seqq1 4 0.268817;
47.8912 1-seqq1 4 0.298143;
20.3175 1-seqq1 4 0.16911;
43.5374 1-seqq1 4 0.280547;
42.0862 1-seqq1 4 0.293255;
47.8912 1-seqq1 4 0.351906;
34.8299 1-seqq1 0;
