0 1-seqq1 1 0.31085;
49.3424 1-seqq1 2 0.599218;
0 1-seqq1 1 0.388074;
14.5125 1-seqq1 2 0.514174;
0 1-seqq1 1 0.443793;
42.0862 1-seqq1 2 0.324536;
0 1-seqq1 1 0.571847;
42.0862 1-seqq1 2 0;
0 1-seqq1 1 0.741935;
50.7937 1-seqq1 1 1;
352.653 1-seqq1 2 0.0498534;
53.6961 1-seqq1 2 0.284457;
0 1-seqq1 1 0.847507;
49.3424 1-seqq1 2 0.569892;
0 1-seqq1 1 0.668622;
17.415 1-seqq1 2 0.682307;
0 1-seqq1 1 0.610948;
40.6349 1-seqq1 2 0.871945;
0 1-seqq1 1 0.511241;
42.0862 1-seqq1 2 1;
0 1-seqq1 1 0.391007;
52.2449 1-seqq1 1 0.341153;
52.2449 1-seqq1 1 0.328446;
13.0612 1-seqq1 1 0.334311;
42.0862 1-seqq1 1 0.350929;
44.9887 1-seqq1 1 0.387097;
52.2449 1-seqq1 1 0.442815;
50.7937 1-seqq1 1 0.465298;
14.5125 1-seqq1 1 0.471163;
136.417 1-seqq1 3 0.327468;
50.7937 1-seqq1 3 0;
97.2336 1-seqq1 2 0.979472;
55.1474 1-seqq1 2 0.84262;
50.7937 1-seqq1 2 0.744868;
15.9637 1-seqq1 2 0.691105;
39.1837 1-seqq1 2 0.606061;
43.5374 1-seqq1 3 0.0332356;
0 1-seqq1 2 0.521017;
50.7937 1-seqq1 3 0.181818;
0 1-seqq1 2 0.391984;
52.2449 1-seqq1 3 0.379277;
0 1-seqq1 2 0.262952;
17.415 1-seqq1 3 0.455523;
0 1-seqq1 2 0.221896;
37.7324 1-seqq1 3 0.475073;
0 1-seqq1 2 0.211144;
44.9887 1-seqq1 3 0.468231;
0 1-seqq1 2 0.220919;
52.2449 1-seqq1 3 0.374389;
0 1-seqq1 2 0.312805;
47.8912 1-seqq1 3 0.266862;
0 1-seqq1 2 0.428153;
18.8662 1-seqq1 3 0.239492;
0 1-seqq1 2 0.464321;
39.1837 1-seqq1 3 0.233627;
0 1-seqq1 2 0.490714;
44.9887 1-seqq1 2 0.530792;
50.7937 1-seqq1 3 0.148583;
0 1-seqq1 2 0.568915;
50.7937 1-seqq1 3 0.0957967;
0 1-seqq1 2 0.599218;
15.9637 1-seqq1 3 0.0860215;
0 1-seqq1 2 0.607038;
42.0862 1-seqq1 3 0.201369;
0 1-seqq1 2 0.539589;
40.6349 1-seqq1 3 0.253177;
0 1-seqq1 2 0.390029;
50.7937 1-seqq1 3 0.179863;
0 1-seqq1 2 0.343109;
52.2449 1-seqq1 3 0.15738;
0 1-seqq1 2 0.473118;
20.3175 1-seqq1 3 0.179863;
0 1-seqq1 2 0.581623;
42.0862 1-seqq1 3 0.192571;
0 1-seqq1 2 0.617791;
39.1837 1-seqq1 3 0.198436;
0 1-seqq1 2 0.507331;
47.8912 1-seqq1 3 0.175953;
0 1-seqq1 2 0.314761;
53.6961 1-seqq1 3 0.129032;
0 1-seqq1 2 0.248289;
18.8662 1-seqq1 3 0.11828;
42.0862 1-seqq1 3 0.11437;
0 1-seqq1 2 0.284457;
39.1837 1-seqq1 2 0.294233;
49.3424 1-seqq1 2 0.241447;
52.2449 1-seqq1 2 0.218964;
18.8662 1-seqq1 2 0.243402;
42.0862 1-seqq1 2 0.333333;
39.1837 1-seqq1 2 0.377322;
49.3424 1-seqq1 2 0.388074;
52.2449 1-seqq1 2 0.40567;
18.8662 1-seqq1 2 0.42913;
40.6349 1-seqq1 2 0.473118;
43.5374 1-seqq1 2 0.505376;
13.0612 1-seqq1 0;
