7.93651 1-seqq1 4 0.822092;
18.8662 1-seqq1 4 0.84262;
42.0862 1-seqq1 4 0.955034;
40.6349 1-seqq1 4 0.983382;
50.7937 1-seqq1 4 0.991202;
50.7937 1-seqq1 4 0.986315;
20.3175 1-seqq1 4 0.913001;
39.1837 1-seqq1 4 0.727273;
40.6349 1-seqq1 4 0.483871;
52.2449 1-seqq1 4 0.155425;
50.7937 1-seqq1 4 0;
220.59 1-seqq1 4 0.0596285;
40.6349 1-seqq1 4 0.249267;
42.0862 1-seqq1 4 0.569892;
50.7937 1-seqq1 4 1;
50.7937 1-seqq1 4 0.979472;
17.415 1-seqq1 4 0.910068;
42.0862 1-seqq1 4 0.606061;
40.6349 1-seqq1 4 0.803519;
49.3424 1-seqq1 4 0.875855;
52.2449 1-seqq1 4 1;
