6.48526 1-seqq1 4 0.703812;
40.6349 1-seqq1 4 0.665689;
43.5374 1-seqq1 4 0.656892;
52.2449 1-seqq1 4 1;
50.7937 1-seqq1 4 0.973607;
15.9637 1-seqq1 4 0.774194;
40.6349 1-seqq1 4 0.607038;
43.5374 1-seqq1 4 0.453568;
52.2449 1-seqq1 4 0.128055;
50.7937 1-seqq1 4 0.360704;
14.5125 1-seqq1 4 0.41349;
42.0862 1-seqq1 4 0.185728;
43.5374 1-seqq1 4 0.16911;
49.3424 1-seqq1 4 0.579668;
52.2449 1-seqq1 4 1;
97.2336 1-seqq1 4 0.818182;
55.1474 1-seqq1 4 0.460411;
49.3424 1-seqq1 4 0.132942;
17.415 1-seqq1 4 0.0488759;
40.6349 1-seqq1 4 0;
42.0862 1-seqq1 4 0.0478983;
52.2449 1-seqq1 4 0.422287;
50.7937 1-seqq1 4 0.72825;
17.415 1-seqq1 4 0.883675;
39.1837 1-seqq1 4 0.751711;
43.5374 1-seqq1 4 0.607038;
50.7937 1-seqq1 4 0.26002;
50.7937 1-seqq1 4 0.253177;
