37.7324 1-seqq1 2 0.0537634;
50.7937 1-seqq1 2 0.086999;
49.3424 1-seqq1 2 0.132942;
21.7687 1-seqq1 2 0.163245;
40.6349 1-seqq1 2 0.195503;
43.5374 1-seqq1 2 0.237537;
49.3424 1-seqq1 2 0.28739;
52.2449 1-seqq1 2 0.349951;
18.8662 1-seqq1 2 0.380254;
40.6349 1-seqq1 2 0.415445;
43.5374 1-seqq1 2 0.441838;
49.3424 1-seqq1 2 0.501466;
55.1474 1-seqq1 2 0.583578;
15.9637 1-seqq1 2 0.611926;
39.1837 1-seqq1 2 0.642229;
44.9887 1-seqq1 2 0.670577;
52.2449 1-seqq1 2 0.683284;
47.8912 1-seqq1 2 0.687195;
59.5011 1-seqq1 2 0.675464;
43.5374 1-seqq1 2 0.613881;
49.3424 1-seqq1 2 0.518084;
50.7937 1-seqq1 2 0.470186;
18.8662 1-seqq1 2 0.45259;
40.6349 1-seqq1 2 0.435973;
43.5374 1-seqq1 2 0.398827;
52.2449 1-seqq1 2 0.364614;
50.7937 1-seqq1 2 0.332356;
17.415 1-seqq1 2 0.318671;
37.7324 1-seqq1 2 0.302053;
46.4399 1-seqq1 2 0.277615;
50.7937 1-seqq1 2 0.249267;
50.7937 1-seqq1 2 0.215054;
14.5125 1-seqq1 2 0.201369;
40.6349 1-seqq1 2 0.187683;
47.8912 1-seqq1 2 0.1652;
55.1474 1-seqq1 2 0.144673;
18.8662 1-seqq1 2 0.138807;
40.6349 1-seqq1 2 0.13392;
44.9887 1-seqq1 2 0.127077;
46.4399 1-seqq1 2 0.123167;
61096.1 1-seqq1 0;
