12.2902 1-seqq1 4 0.806452;
44.9887 1-seqq1 4 0.828934;
50.7937 1-seqq1 4 0.864125;
50.7937 1-seqq1 4 0.896383;
17.415 1-seqq1 4 0.910068;
40.6349 1-seqq1 4 0.927664;
43.5374 1-seqq1 4 0.948192;
49.3424 1-seqq1 4 0.978495;
50.7937 1-seqq1 4 1;
101.587 1-seqq1 4 0.994135;
50.7937 1-seqq1 4 0.979472;
50.7937 1-seqq1 4 0.993157;
17.415 1-seqq1 4 0.723363;
40.6349 1-seqq1 4 0.664712;
43.5374 1-seqq1 4 0.667644;
50.7937 1-seqq1 4 0.661779;
50.7937 1-seqq1 4 0.669599;
17.415 1-seqq1 4 0.690127;
39.1837 1-seqq1 4 0.773216;
43.5374 1-seqq1 4 0.882698;
50.7937 1-seqq1 4 0.938416;
50.7937 1-seqq1 4 0.954057;
17.415 1-seqq1 4 0.957967;
84.1723 1-seqq1 4 0.960899;
303.311 1-seqq1 4 0.963832;
101.587 1-seqq1 4 0.958944;
52.2449 1-seqq1 4 0.961877;
252.517 1-seqq1 2 0.997067;
18.8662 1-seqq1 2 0.974585;
39.1837 1-seqq1 4 0.956012;
0 1-seqq1 2 0.941349;
43.5374 1-seqq1 2 0.901271;
50.7937 1-seqq1 4 0.962854;
0 1-seqq1 2 0.85044;
50.7937 1-seqq1 4 0.965787;
0 1-seqq1 2 0.805474;
17.415 1-seqq1 2 0.782014;
40.6349 1-seqq1 2 0.749756;
43.5374 1-seqq1 2 0.72043;
50.7937 1-seqq1 2 0.69306;
49.3424 1-seqq1 2 0.665689;
18.8662 1-seqq1 2 0.647116;
40.6349 1-seqq1 2 0.616813;
42.0862 1-seqq1 2 0.585533;
50.7937 1-seqq1 4 0.957967;
0 1-seqq1 2 0.556207;
50.7937 1-seqq1 4 0.952102;
0 1-seqq1 2 0.522972;
15.9637 1-seqq1 4 0.948192;
0 1-seqq1 2 0.508309;
40.6349 1-seqq1 2 0.487781;
43.5374 1-seqq1 4 0.958944;
0 1-seqq1 2 0.473118;
52.2449 1-seqq1 4 0.963832;
0 1-seqq1 2 0.465298;
50.7937 1-seqq1 4 0.958944;
0 1-seqq1 2 0.447703;
14.5125 1-seqq1 4 0.946237;
0 1-seqq1 2 0.439883;
42.0862 1-seqq1 4 0.929619;
0 1-seqq1 2 0.434995;
44.9887 1-seqq1 2 0.414467;
47.8912 1-seqq1 4 0.926686;
0 1-seqq1 2 0.365591;
50.7937 1-seqq1 2 0.278592;
15.9637 1-seqq1 4 0.930596;
0 1-seqq1 2 0.230694;
42.0862 1-seqq1 4 0.934506;
0 1-seqq1 2 0.193548;
42.0862 1-seqq1 4 0.973607;
0 1-seqq1 2 0.180841;
53.6961 1-seqq1 4 0.8739;
0 1-seqq1 2 0.173998;
50.7937 1-seqq1 4 0.849462;
0 1-seqq1 2 0.170088;
14.5125 1-seqq1 4 0.837732;
42.0862 1-seqq1 2 0.1652;
43.5374 1-seqq1 4 0.833822;
52.2449 1-seqq1 4 0.836755;
105.941 1-seqq1 4 0.839687;
43.5374 1-seqq1 4 0.833822;
52.2449 1-seqq1 4 0.829912;
50.7937 1-seqq1 4 0.832845;
14.5125 1-seqq1 4 0.836755;
42.0862 1-seqq1 4 0.957967;
42.0862 1-seqq1 4 0.912023;
53.6961 1-seqq1 4 0.961877;
49.3424 1-seqq1 4 0.909091;
14.5125 1-seqq1 4 0.874878;
42.0862 1-seqq1 4 0.827957;
44.9887 1-seqq1 4 0.778104;
50.7937 1-seqq1 4 0.7087;
49.3424 1-seqq1 4 0.664712;
17.415 1-seqq1 4 0.653959;
39.1837 1-seqq1 4 0.651026;
703.855 1-seqq1 2 0.168133;
50.7937 1-seqq1 2 0.197458;
14.5125 1-seqq1 2 0.211144;
40.6349 1-seqq1 2 0.237537;
46.4399 1-seqq1 2 0.26784;
50.7937 1-seqq1 2 0.29912;
50.7937 1-seqq1 2 0.338221;
14.5125 1-seqq1 2 0.365591;
40.6349 1-seqq1 2 0.434995;
43.5374 1-seqq1 2 0.516129;
49.3424 1-seqq1 2 0.581623;
53.6961 1-seqq1 2 0.616813;
14.5125 1-seqq1 2 0.635386;
40.6349 1-seqq1 2 0.674487;
44.9887 1-seqq1 2 0.711632;
47.8912 1-seqq1 2 0.747801;
50.7937 1-seqq1 2 0.782991;
20.3175 1-seqq1 2 0.803519;
39.1837 1-seqq1 2 0.814272;
43.5374 1-seqq1 2 0.817204;
454.24 1-seqq1 4 0.664712;
53.6961 1-seqq1 4 0.695015;
17.415 1-seqq1 4 0.710655;
40.6349 1-seqq1 4 0.723363;
43.5374 1-seqq1 4 0.738025;
49.3424 1-seqq1 4 0.753666;
50.7937 1-seqq1 4 0.769306;
17.415 1-seqq1 4 0.778104;
40.6349 1-seqq1 4 0.787879;
43.5374 1-seqq1 4 0.792766;
50.7937 1-seqq1 4 0.801564;
50.7937 1-seqq1 4 0.822092;
14.5125 1-seqq1 4 0.827957;
42.0862 1-seqq1 4 0.83089;
242.358 1-seqq1 4 0.835777;
203.175 1-seqq1 4 0.848485;
53.6961 1-seqq1 4 0.863148;
52.2449 1-seqq1 4 0.86999;
14.5125 1-seqq1 4 0.841642;
40.6349 1-seqq1 4 0.884653;
44.9887 1-seqq1 4 0.898338;
76.9161 1-seqq1 4 0.88172;
39.1837 1-seqq1 4 0.907136;
40.6349 1-seqq1 4 0.918866;
46.4399 1-seqq1 4 0.922776;
50.7937 1-seqq1 4 0.931574;
859.138 1-seqq1 4 0.955034;
15.9637 1-seqq1 4 0.966764;
40.6349 1-seqq1 4 0.971652;
200.272 1-seqq1 4 0.964809;
47.8912 1-seqq1 4 0.945259;
52.2449 1-seqq1 4 0.905181;
49.3424 1-seqq1 4 0.845552;
15.9637 1-seqq1 4 0.819159;
39.1837 1-seqq1 4 0.802542;
44.9887 1-seqq1 4 0.792766;
52.2449 1-seqq1 4 0.705767;
1010.07 1-seqq1 0;
