14.5125 1-seqq1 4 0.619746;
39.1837 1-seqq1 4 0.680352;
46.4399 1-seqq1 4 0.747801;
49.3424 1-seqq1 4 0.812317;
50.7937 1-seqq1 4 0.85435;
15.9637 1-seqq1 4 0.870968;
39.1837 1-seqq1 4 0.889541;
46.4399 1-seqq1 4 0.919844;
50.7937 1-seqq1 4 0.956989;
49.3424 1-seqq1 4 0.987292;
15.9637 1-seqq1 4 0.995112;
85.6236 1-seqq1 4 0.934506;
50.7937 1-seqq1 4 0.882698;
49.3424 1-seqq1 4 0.965787;
18.8662 1-seqq1 4 0.948192;
39.1837 1-seqq1 4 0.98436;
44.9887 1-seqq1 4 0.993157;
49.3424 1-seqq1 4 0.997067;
596.463 1-seqq1 3 0.990225;
59.5011 1-seqq1 3 0.911046;
20.3175 1-seqq1 3 0.879765;
39.1837 1-seqq1 3 0.85435;
40.6349 1-seqq1 3 0.831867;
52.2449 1-seqq1 3 0.787879;
49.3424 1-seqq1 3 0.721408;
21.7687 1-seqq1 3 0.687195;
39.1837 1-seqq1 3 0.663734;
40.6349 1-seqq1 3 0.644184;
52.2449 1-seqq1 3 0.615836;
49.3424 1-seqq1 3 0.587488;
21.7687 1-seqq1 3 0.569892;
39.1837 1-seqq1 3 0.552297;
40.6349 1-seqq1 3 0.533724;
52.2449 1-seqq1 3 0.500489;
49.3424 1-seqq1 3 0.468231;
21.7687 1-seqq1 3 0.450635;
40.6349 1-seqq1 3 0.427175;
39.1837 1-seqq1 3 0.400782;
52.2449 1-seqq1 3 0.366569;
49.3424 1-seqq1 3 0.329423;
21.7687 1-seqq1 3 0.308895;
39.1837 1-seqq1 3 0.276637;
40.6349 1-seqq1 3 0.244379;
50.7937 1-seqq1 3 0.199413;
50.7937 1-seqq1 3 0.144673;
20.3175 1-seqq1 3 0.113392;
40.6349 1-seqq1 3 0.0752688;
40.6349 1-seqq1 3 0.030303;
52.2449 1-seqq1 3 0;
232.2 1-seqq1 3 0.030303;
39.1837 1-seqq1 3 0.185728;
40.6349 1-seqq1 3 0.387097;
40.6349 1-seqq1 3 0.608016;
50.7937 1-seqq1 3 0.841642;
50.7937 1-seqq1 3 0.957967;
20.3175 1-seqq1 3 0.987292;
40.6349 1-seqq1 3 0.995112;
493.424 1-seqq1 2 0.814272;
52.2449 1-seqq1 2 0.758553;
23.22 1-seqq1 2 0.726295;
39.1837 1-seqq1 2 0.694037;
40.6349 1-seqq1 2 0.677419;
49.3424 1-seqq1 2 0.662757;
49.3424 1-seqq1 2 0.641251;
23.22 1-seqq1 2 0.626588;
40.6349 1-seqq1 2 0.608016;
40.6349 1-seqq1 2 0.59433;
49.3424 1-seqq1 2 0.591398;
49.3424 1-seqq1 2 0.57087;
47.8912 1-seqq1 2 0.553275;
17.415 1-seqq1 2 0.545455;
39.1837 1-seqq1 2 0.537634;
46.4399 1-seqq1 2 0.521017;
50.7937 1-seqq1 2 0.497556;
50.7937 1-seqq1 2 0.478983;
15.9637 1-seqq1 2 0.471163;
37.7324 1-seqq1 2 0.458456;
46.4399 1-seqq1 2 0.44086;
52.2449 1-seqq1 2 0.424242;
49.3424 1-seqq1 2 0.407625;
15.9637 1-seqq1 2 0.40176;
39.1837 1-seqq1 2 0.387097;
46.4399 1-seqq1 2 0.369501;
50.7937 1-seqq1 2 0.347996;
49.3424 1-seqq1 2 0.333333;
15.9637 1-seqq1 2 0.323558;
42.0862 1-seqq1 2 0.30694;
43.5374 1-seqq1 2 0.288368;
50.7937 1-seqq1 2 0.270772;
49.3424 1-seqq1 2 0.252199;
15.9637 1-seqq1 2 0.242424;
40.6349 1-seqq1 2 0.230694;
46.4399 1-seqq1 2 0.221896;
49.3424 1-seqq1 2 0.210166;
49.3424 1-seqq1 2 0.196481;
15.9637 1-seqq1 2 0.189638;
40.6349 1-seqq1 2 0.179863;
46.4399 1-seqq1 2 0.172043;
49.3424 1-seqq1 2 0.163245;
50.7937 1-seqq1 2 0.151515;
14.5125 1-seqq1 2 0.146628;
40.6349 1-seqq1 2 0.14174;
46.4399 1-seqq1 2 0.13783;
49.3424 1-seqq1 2 0.134897;
105.941 1-seqq1 2 0.127077;
46.4399 1-seqq1 2 0.11437;
47.8912 1-seqq1 2 0.108504;
50.7937 1-seqq1 2 0.100684;
18.8662 1-seqq1 2 0.0977517;
39.1837 1-seqq1 2 0.0899316;
43.5374 1-seqq1 2 0.0840665;
50.7937 1-seqq1 2 0.0742913;
49.3424 1-seqq1 2 0.0694037;
10717.5 1-seqq1 2 0.0987292;
40.6349 1-seqq1 2 0.15347;
47.8912 1-seqq1 2 0.188661;
52.2449 1-seqq1 2 0.212121;
23.22 1-seqq1 2 0.228739;
39.1837 1-seqq1 2 0.251222;
40.6349 1-seqq1 2 0.264907;
47.8912 1-seqq1 2 0.273705;
50.7937 1-seqq1 2 0.292278;
21.7687 1-seqq1 2 0.304985;
40.6349 1-seqq1 2 0.326491;
40.6349 1-seqq1 2 0.339198;
47.8912 1-seqq1 2 0.369501;
50.7937 1-seqq1 2 0.403715;
23.22 1-seqq1 2 0.424242;
40.6349 1-seqq1 2 0.455523;
40.6349 1-seqq1 2 0.497556;
47.8912 1-seqq1 2 0.5435;
50.7937 1-seqq1 2 0.587488;
49.3424 1-seqq1 2 0.624633;
15.9637 1-seqq1 2 0.643206;
39.1837 1-seqq1 2 0.676442;
44.9887 1-seqq1 2 0.72043;
52.2449 1-seqq1 2 0.784946;
49.3424 1-seqq1 2 0.849462;
15.9637 1-seqq1 2 0.878788;
39.1837 1-seqq1 2 0.922776;
46.4399 1-seqq1 2 0.979472;
50.7937 1-seqq1 2 0.993157;
50.7937 1-seqq1 2 0.99609;
42733.4 1-seqq1 3 0.949169;
40.6349 1-seqq1 3 0.925709;
49.3424 1-seqq1 3 0.919844;
113.197 1-seqq1 3 0.916911;
40.6349 1-seqq1 3 0.897361;
47.8912 1-seqq1 3 0.863148;
52.2449 1-seqq1 3 0.828934;
21.7687 1-seqq1 3 0.817204;
40.6349 1-seqq1 3 0.814272;
365.714 1-seqq1 2 0.987292;
39.1837 1-seqq1 2 0.954057;
40.6349 1-seqq1 2 0.945259;
49.3424 1-seqq1 2 0.942326;
49.3424 1-seqq1 2 0.937439;
49.3424 1-seqq1 2 0.923754;
15.9637 1-seqq1 2 0.917889;
39.1837 1-seqq1 2 0.910068;
46.4399 1-seqq1 2 0.901271;
50.7937 1-seqq1 2 0.893451;
49.3424 1-seqq1 2 0.886608;
56.5986 1-seqq1 2 0.864125;
44.9887 1-seqq1 2 0.843597;
50.7937 1-seqq1 2 0.811339;
49.3424 1-seqq1 2 0.777126;
15.9637 1-seqq1 2 0.754643;
40.6349 1-seqq1 2 0.719453;
46.4399 1-seqq1 2 0.685239;
49.3424 1-seqq1 2 0.652981;
49.3424 1-seqq1 2 0.621701;
18.8662 1-seqq1 2 0.608016;
39.1837 1-seqq1 2 0.588465;
43.5374 1-seqq1 2 0.56696;
50.7937 1-seqq1 2 0.549365;
49.3424 1-seqq1 2 0.521017;
18.8662 1-seqq1 2 0.508309;
40.6349 1-seqq1 2 0.494624;
42.0862 1-seqq1 2 0.473118;
50.7937 1-seqq1 2 0.443793;
49.3424 1-seqq1 2 0.412512;
20.3175 1-seqq1 2 0.398827;
39.1837 1-seqq1 2 0.372434;
43.5374 1-seqq1 2 0.359726;
49.3424 1-seqq1 2 0.345064;
50.7937 1-seqq1 2 0.336266;
58.0499 1-seqq1 2 0.331378;
43.5374 1-seqq1 2 0.317693;
50.7937 1-seqq1 2 0.311828;
27480.8 1-seqq1 2 0.315738;
50.7937 1-seqq1 2 0.346041;
52.2449 1-seqq1 2 0.383187;
18.8662 1-seqq1 2 0.397849;
40.6349 1-seqq1 2 0.412512;
40.6349 1-seqq1 2 0.428153;
50.7937 1-seqq1 2 0.441838;
50.7937 1-seqq1 2 0.456501;
20.3175 1-seqq1 2 0.465298;
42.0862 1-seqq1 2 0.483871;
39.1837 1-seqq1 2 0.514174;
50.7937 1-seqq1 2 0.576735;
50.7937 1-seqq1 2 0.674487;
20.3175 1-seqq1 2 0.72825;
40.6349 1-seqq1 2 0.771261;
40.6349 1-seqq1 2 0.787879;
50.7937 1-seqq1 2 0.810362;
50.7937 1-seqq1 2 0.848485;
20.3175 1-seqq1 2 0.86608;
40.6349 1-seqq1 2 0.872923;
6285.35 1-seqq1 1 0.975562;
39.1837 1-seqq1 1 0.958944;
40.6349 1-seqq1 1 0.941349;
40.6349 1-seqq1 1 0.920821;
49.3424 1-seqq1 1 0.886608;
50.7937 1-seqq1 1 0.85826;
50.7937 1-seqq1 1 0.833822;
14.5125 1-seqq1 1 0.822092;
39.1837 1-seqq1 1 0.810362;
46.4399 1-seqq1 1 0.792766;
50.7937 1-seqq1 1 0.787879;
185.76 1-seqq1 1 0.835777;
42.0862 1-seqq1 1 0.924731;
39.1837 1-seqq1 1 0.979472;
39.1837 1-seqq1 1 0.99218;
49.3424 1-seqq1 1 0.995112;
503.583 1-seqq1 2 0.860215;
14.5125 1-seqq1 2 0.84653;
42.0862 1-seqq1 2 0.818182;
43.5374 1-seqq1 2 0.773216;
52.2449 1-seqq1 2 0.69697;
49.3424 1-seqq1 2 0.644184;
15.9637 1-seqq1 2 0.630499;
39.1837 1-seqq1 2 0.627566;
348.299 1-seqq1 3 0.746823;
17.415 1-seqq1 3 0.7087;
39.1837 1-seqq1 3 0.658847;
43.5374 1-seqq1 3 0.612903;
50.7937 1-seqq1 3 0.565982;
49.3424 1-seqq1 3 0.525904;
18.8662 1-seqq1 3 0.503421;
39.1837 1-seqq1 3 0.475073;
43.5374 1-seqq1 3 0.449658;
50.7937 1-seqq1 3 0.418377;
49.3424 1-seqq1 3 0.375367;
20.3175 1-seqq1 3 0.355816;
39.1837 1-seqq1 3 0.339198;
43.5374 1-seqq1 3 0.315738;
50.7937 1-seqq1 3 0.290323;
49.3424 1-seqq1 3 0.27566;
18.8662 1-seqq1 3 0.268817;
40.6349 1-seqq1 3 0.254154;
43.5374 1-seqq1 3 0.236559;
49.3424 1-seqq1 3 0.215054;
50.7937 1-seqq1 3 0.194526;
17.415 1-seqq1 3 0.182796;
40.6349 1-seqq1 3 0.171065;
43.5374 1-seqq1 3 0.154448;
49.3424 1-seqq1 3 0.146628;
312.018 1-seqq1 2 0.640274;
40.6349 1-seqq1 2 0.699902;
49.3424 1-seqq1 2 0.802542;
50.7937 1-seqq1 2 0.905181;
23.22 1-seqq1 2 0.945259;
39.1837 1-seqq1 2 0.959922;
40.6349 1-seqq1 2 0.969697;
49.3424 1-seqq1 2 0.991202;
49.3424 1-seqq1 2 0.995112;
3184.04 1-seqq1 2 0.963832;
46.4399 1-seqq1 2 0.913001;
52.2449 1-seqq1 2 0.855327;
50.7937 1-seqq1 2 0.814272;
13.0612 1-seqq1 2 0.796676;
40.6349 1-seqq1 2 0.782014;
46.4399 1-seqq1 2 0.765396;
49.3424 1-seqq1 2 0.73998;
52.2449 1-seqq1 2 0.71261;
15.9637 1-seqq1 2 0.69697;
39.1837 1-seqq1 2 0.685239;
46.4399 1-seqq1 2 0.682307;
12538.8 1-seqq1 3 0.173998;
40.6349 1-seqq1 3 0.246334;
50.7937 1-seqq1 3 0.420332;
50.7937 1-seqq1 3 0.682307;
20.3175 1-seqq1 3 0.818182;
39.1837 1-seqq1 3 0.949169;
40.6349 1-seqq1 3 0.985337;
52.2449 1-seqq1 3 0.994135;
50.7937 1-seqq1 3 0.997067;
222.041 1-seqq1 2 0.709677;
40.6349 1-seqq1 2 0.795699;
40.6349 1-seqq1 2 0.917889;
50.7937 1-seqq1 2 0.97654;
50.7937 1-seqq1 2 0.99218;
21.7687 1-seqq1 2 0.99609;
848.98 1-seqq1 3 0.961877;
42.0862 1-seqq1 3 0.907136;
47.8912 1-seqq1 3 0.845552;
50.7937 1-seqq1 3 0.780059;
23.22 1-seqq1 3 0.748778;
39.1837 1-seqq1 3 0.726295;
42.0862 1-seqq1 3 0.7087;
47.8912 1-seqq1 3 0.70479;
505.034 1-seqq1 2 0.893451;
14.5125 1-seqq1 2 0.826979;
40.6349 1-seqq1 2 0.73216;
44.9887 1-seqq1 2 0.628543;
50.7937 1-seqq1 2 0.473118;
50.7937 1-seqq1 2 0.324536;
14.5125 1-seqq1 2 0.255132;
40.6349 1-seqq1 2 0.177908;
46.4399 1-seqq1 2 0.140762;
49.3424 1-seqq1 2 0.131965;
49.3424 1-seqq1 2 0.129032;
303.311 1-seqq1 3 0.769306;
50.7937 1-seqq1 3 0.88172;
50.7937 1-seqq1 3 0.967742;
18.8662 1-seqq1 3 0.990225;
39.1837 1-seqq1 3 0.99609;
37545.2 1-seqq1 2 0.14174;
39.1837 1-seqq1 2 0.162268;
40.6349 1-seqq1 2 0.208211;
40.6349 1-seqq1 2 0.296188;
52.2449 1-seqq1 2 0.408602;
49.3424 1-seqq1 2 0.483871;
21.7687 1-seqq1 2 0.516129;
39.1837 1-seqq1 2 0.55523;
43.5374 1-seqq1 2 0.599218;
49.3424 1-seqq1 2 0.665689;
49.3424 1-seqq1 2 0.746823;
21.7687 1-seqq1 2 0.806452;
39.1837 1-seqq1 2 0.876833;
40.6349 1-seqq1 2 0.909091;
50.7937 1-seqq1 2 0.933529;
50.7937 1-seqq1 2 0.975562;
20.3175 1-seqq1 2 0.991202;
40.6349 1-seqq1 2 0.995112;
1217.6 1-seqq1 2 0.969697;
40.6349 1-seqq1 2 0.870968;
46.4399 1-seqq1 2 0.672532;
50.7937 1-seqq1 2 0.494624;
49.3424 1-seqq1 2 0.392962;
15.9637 1-seqq1 2 0.347019;
40.6349 1-seqq1 2 0.285435;
46.4399 1-seqq1 2 0.232649;
49.3424 1-seqq1 2 0.216031;
49.3424 1-seqq1 2 0.212121;
32123.4 1-seqq1 2 0.282502;
42.0862 1-seqq1 2 0.399805;
50.7937 1-seqq1 2 0.592375;
50.7937 1-seqq1 2 0.793744;
17.415 1-seqq1 2 0.85044;
40.6349 1-seqq1 2 0.864125;
43.5374 1-seqq1 2 0.868035;
159.637 1-seqq1 2 0.903226;
42.0862 1-seqq1 2 0.974585;
47.8912 1-seqq1 2 0.991202;
52.2449 1-seqq1 2 0.99609;
3128.89 1-seqq1 2 0.97263;
14.5125 1-seqq1 2 0.935484;
40.6349 1-seqq1 2 0.841642;
43.5374 1-seqq1 2 0.741935;
52.2449 1-seqq1 2 0.645161;
49.3424 1-seqq1 2 0.569892;
15.9637 1-seqq1 2 0.529814;
39.1837 1-seqq1 2 0.478006;
46.4399 1-seqq1 2 0.42522;
50.7937 1-seqq1 2 0.366569;
49.3424 1-seqq1 2 0.323558;
15.9637 1-seqq1 2 0.311828;
40.6349 1-seqq1 2 0.308895;
489.07 1-seqq1 2 0.268817;
60.9524 1-seqq1 2 0.217009;
18.8662 1-seqq1 2 0.194526;
40.6349 1-seqq1 2 0.163245;
43.5374 1-seqq1 2 0.117302;
49.3424 1-seqq1 2 0.0977517;
50.7937 1-seqq1 2 0.0928641;
16105.9 1-seqq1 4 1;
40.6349 1-seqq1 4 0.997067;
65709.6 1-seqq1 2 0.0899316;
377320 1-seqq1 2 0.0967742;
18.8662 1-seqq1 2 0.127077;
39.1837 1-seqq1 2 0.199413;
42.0862 1-seqq1 2 0.296188;
50.7937 1-seqq1 2 0.4174;
49.3424 1-seqq1 2 0.5435;
18.8662 1-seqq1 2 0.588465;
42.0862 1-seqq1 2 0.599218;
42.0862 1-seqq1 2 0.602151;
2470.02 1-seqq1 2 0.593353;
52.2449 1-seqq1 2 0.588465;
391.837 1-seqq1 2 0.57869;
62.4036 1-seqq1 2 0.447703;
18.8662 1-seqq1 2 0.396872;
40.6349 1-seqq1 2 0.371457;
43.5374 1-seqq1 2 0.365591;
303.311 1-seqq1 2 0.349951;
18.8662 1-seqq1 2 0.327468;
39.1837 1-seqq1 2 0.296188;
42.0862 1-seqq1 2 0.281525;
50.7937 1-seqq1 2 0.244379;
50.7937 1-seqq1 2 0.199413;
20.3175 1-seqq1 2 0.173998;
39.1837 1-seqq1 2 0.166178;
15532.7 1-seqq1 2 0.200391;
50.7937 1-seqq1 2 0.281525;
24.6712 1-seqq1 2 0.329423;
37.7324 1-seqq1 2 0.396872;
40.6349 1-seqq1 2 0.492669;
49.3424 1-seqq1 2 0.601173;
50.7937 1-seqq1 2 0.660802;
24.6712 1-seqq1 2 0.699902;
37.7324 1-seqq1 2 0.746823;
40.6349 1-seqq1 2 0.808407;
49.3424 1-seqq1 2 0.884653;
49.3424 1-seqq1 2 0.951124;
50.7937 1-seqq1 2 0.986315;
14.5125 1-seqq1 2 0.994135;
39.1837 1-seqq1 2 0.997067;
16418 1-seqq1 2 0.959922;
40.6349 1-seqq1 2 0.943304;
49.3424 1-seqq1 2 0.939394;
50.7937 1-seqq1 2 0.897361;
23.22 1-seqq1 2 0.837732;
39.1837 1-seqq1 2 0.769306;
40.6349 1-seqq1 2 0.725318;
49.3424 1-seqq1 2 0.677419;
49.3424 1-seqq1 2 0.58651;
49.3424 1-seqq1 2 0.481916;
15.9637 1-seqq1 2 0.44868;
39.1837 1-seqq1 2 0.423265;
44.9887 1-seqq1 2 0.4174;
9852.52 1-seqq1 2 0.414467;
8100.86 1-seqq1 2 0.432063;
39.1837 1-seqq1 2 0.679374;
40.6349 1-seqq1 2 0.917889;
49.3424 1-seqq1 2 0.97654;
50.7937 1-seqq1 2 0.99218;
23.22 1-seqq1 2 0.99609;
26688.4 1-seqq1 2 0.981427;
49.3424 1-seqq1 2 0.906158;
50.7937 1-seqq1 2 0.783969;
14.5125 1-seqq1 2 0.726295;
40.6349 1-seqq1 2 0.644184;
44.9887 1-seqq1 2 0.548387;
49.3424 1-seqq1 2 0.439883;
50.7937 1-seqq1 2 0.309873;
18.8662 1-seqq1 2 0.233627;
39.1837 1-seqq1 2 0.111437;
43.5374 1-seqq1 2 0;
808.345 1-seqq1 2 0.0058651;
47.8912 1-seqq1 2 0.0224829;
50.7937 1-seqq1 2 0.0351906;
21.7687 1-seqq1 2 0.0527859;
40.6349 1-seqq1 2 0.0889541;
40.6349 1-seqq1 2 0.0977517;
50.7937 1-seqq1 2 0.100684;
5301.41 1-seqq1 2 0.136852;
49.3424 1-seqq1 2 0.248289;
50.7937 1-seqq1 2 0.432063;
23.22 1-seqq1 2 0.562072;
37.7324 1-seqq1 2 0.702835;
40.6349 1-seqq1 2 0.821114;
52.2449 1-seqq1 2 0.929619;
49.3424 1-seqq1 2 0.979472;
21.7687 1-seqq1 2 0.99218;
39.1837 1-seqq1 2 0.99609;
10096.3 1-seqq1 2 0.946237;
40.6349 1-seqq1 2 0.767351;
47.8912 1-seqq1 2 0.534702;
49.3424 1-seqq1 2 0.473118;
23.22 1-seqq1 2 0.458456;
40.6349 1-seqq1 2 0.454545;
2863.31 1-seqq1 2 0.451613;
15.9637 1-seqq1 2 0.438905;
40.6349 1-seqq1 2 0.40958;
46.4399 1-seqq1 2 0.371457;
49.3424 1-seqq1 2 0.318671;
50.7937 1-seqq1 2 0.264907;
15.9637 1-seqq1 2 0.238514;
40.6349 1-seqq1 2 0.207234;
46.4399 1-seqq1 2 0.16911;
49.3424 1-seqq1 2 0.13392;
50.7937 1-seqq1 2 0.106549;
15.9637 1-seqq1 2 0.0967742;
39.1837 1-seqq1 2 0.0909091;
55163.4 1-seqq1 3 0.947214;
53.6961 1-seqq1 3 0.865103;
50.7937 1-seqq1 3 0.802542;
17.415 1-seqq1 3 0.770283;
40.6349 1-seqq1 3 0.749756;
43.5374 1-seqq1 3 0.733138;
49.3424 1-seqq1 3 0.723363;
11563.5 1-seqq1 3 0.73216;
17.415 1-seqq1 3 0.746823;
39.1837 1-seqq1 3 0.788856;
43.5374 1-seqq1 3 0.827957;
49.3424 1-seqq1 3 0.872923;
50.7937 1-seqq1 3 0.908113;
17.415 1-seqq1 3 0.925709;
40.6349 1-seqq1 3 0.950147;
40.6349 1-seqq1 3 0.979472;
52.2449 1-seqq1 3 0.99218;
50.7937 1-seqq1 3 0.99609;
404.898 1-seqq1 2 0.116325;
20.3175 1-seqq1 2 0.134897;
40.6349 1-seqq1 2 0.15738;
40.6349 1-seqq1 2 0.163245;
41074.6 1-seqq1 3 0.970675;
59.5011 1-seqq1 3 0.957967;
21.7687 1-seqq1 3 0.955034;
40.6349 1-seqq1 3 0.946237;
40.6349 1-seqq1 3 0.943304;
203.175 1-seqq1 3 0.936461;
50.7937 1-seqq1 3 0.902248;
50.7937 1-seqq1 3 0.878788;
21.7687 1-seqq1 3 0.865103;
39.1837 1-seqq1 3 0.847507;
40.6349 1-seqq1 3 0.825024;
52.2449 1-seqq1 3 0.796676;
50.7937 1-seqq1 3 0.764418;
20.3175 1-seqq1 3 0.744868;
39.1837 1-seqq1 3 0.717498;
43.5374 1-seqq1 3 0.686217;
49.3424 1-seqq1 3 0.619746;
50.7937 1-seqq1 3 0.548387;
20.3175 1-seqq1 3 0.509286;
39.1837 1-seqq1 3 0.488759;
40.6349 1-seqq1 3 0.483871;
5877.55 1-seqq1 3 0.492669;
40.6349 1-seqq1 3 0.534702;
40.6349 1-seqq1 3 0.593353;
52.2449 1-seqq1 3 0.637341;
49.3424 1-seqq1 3 0.649071;
21.7687 1-seqq1 3 0.652004;
390419 1-seqq1 4 1;
79.8186 1-seqq1 4 0.997067;
1.28575e+06 1-seqq1 4 1;
40.6349 1-seqq1 4 0.997067;
110302 1-seqq1 1 1;
42.0862 1-seqq1 1 0.997067;
360864 1-seqq1 1 1;
40.6349 1-seqq1 1 0.997067;
175901 1-seqq1 1 1;
79.8186 1-seqq1 1 0.997067;
108562 1-seqq1 4 1;
72.5624 1-seqq1 4 0.997067;
700844 1-seqq1 1 1;
69.6599 1-seqq1 1 0.997067;
1.22793e+06 1-seqq1 2 0.187683;
42.0862 1-seqq1 2 0.234604;
50.7937 1-seqq1 2 0.343109;
49.3424 1-seqq1 2 0.454545;
20.3175 1-seqq1 2 0.516129;
40.6349 1-seqq1 2 0.577713;
40.6349 1-seqq1 2 0.643206;
50.7937 1-seqq1 2 0.705767;
50.7937 1-seqq1 2 0.744868;
20.3175 1-seqq1 2 0.755621;
40.6349 1-seqq1 2 0.758553;
4620.77 1-seqq1 1 0.98045;
62.4036 1-seqq1 1 0.949169;
15.9637 1-seqq1 1 0.938416;
40.6349 1-seqq1 1 0.913001;
44.9887 1-seqq1 1 0.872923;
49.3424 1-seqq1 1 0.849462;
50.7937 1-seqq1 1 0.843597;
139.32 1-seqq1 1 0.828934;
62.4036 1-seqq1 1 0.782014;
15.9637 1-seqq1 1 0.762463;
42.0862 1-seqq1 1 0.741935;
43.5374 1-seqq1 1 0.718475;
50.7937 1-seqq1 1 0.684262;
52.2449 1-seqq1 1 0.649071;
15.9637 1-seqq1 1 0.631476;
40.6349 1-seqq1 1 0.611926;
42.0862 1-seqq1 1 0.595308;
50.7937 1-seqq1 1 0.560117;
49.3424 1-seqq1 1 0.527859;
20.3175 1-seqq1 1 0.517107;
39.1837 1-seqq1 1 0.499511;
42.0862 1-seqq1 1 0.476051;
50.7937 1-seqq1 1 0.458456;
49.3424 1-seqq1 1 0.44086;
20.3175 1-seqq1 1 0.42913;
40.6349 1-seqq1 1 0.415445;
40.6349 1-seqq1 1 0.412512;
52.2449 1-seqq1 1 0.398827;
47.8912 1-seqq1 1 0.385142;
20.3175 1-seqq1 1 0.381232;
42.0862 1-seqq1 1 0.368524;
40.6349 1-seqq1 1 0.361681;
50.7937 1-seqq1 1 0.356794;
69.6599 1-seqq1 2 0.761486;
84.1723 1-seqq1 1 0.347996;
47.8912 1-seqq1 1 0.343109;
65047.8 1-seqq1 4 0.917889;
40.6349 1-seqq1 4 0.97654;
47.8912 1-seqq1 4 0.938416;
49.3424 1-seqq1 4 0.892473;
50.7937 1-seqq1 4 0.86608;
14.5125 1-seqq1 4 0.856305;
40.6349 1-seqq1 4 0.844575;
47.8912 1-seqq1 4 0.822092;
52.2449 1-seqq1 4 0.794721;
21.7687 1-seqq1 4 0.782991;
40.6349 1-seqq1 4 0.764418;
42.0862 1-seqq1 4 0.741935;
50.7937 1-seqq1 4 0.713587;
52.2449 1-seqq1 4 0.680352;
21.7687 1-seqq1 4 0.662757;
37.7324 1-seqq1 4 0.637341;
40.6349 1-seqq1 4 0.608016;
52.2449 1-seqq1 4 0.576735;
50.7937 1-seqq1 4 0.545455;
17.415 1-seqq1 4 0.529814;
40.6349 1-seqq1 4 0.514174;
44.9887 1-seqq1 4 0.486804;
49.3424 1-seqq1 4 0.45259;
50.7937 1-seqq1 4 0.408602;
18.8662 1-seqq1 4 0.387097;
40.6349 1-seqq1 4 0.347019;
43.5374 1-seqq1 4 0.308895;
52.2449 1-seqq1 4 0.218964;
50.7937 1-seqq1 4 0.181818;
17.415 1-seqq1 4 0.172043;
161.088 1-seqq1 4 0.16911;
8102.31 1-seqq1 2 0.764418;
37.7324 1-seqq1 2 0.778104;
43.5374 1-seqq1 2 0.798631;
49.3424 1-seqq1 2 0.886608;
49.3424 1-seqq1 2 0.969697;
23.22 1-seqq1 2 0.991202;
37.7324 1-seqq1 2 0.99609;
2288.62 1-seqq1 3 0.695992;
18.8662 1-seqq1 3 0.726295;
37.7324 1-seqq1 3 0.787879;
47.8912 1-seqq1 3 0.871945;
49.3424 1-seqq1 3 0.965787;
52.2449 1-seqq1 3 0.989247;
15.9637 1-seqq1 3 0.99609;
10736.3 1-seqq1 2 0.956012;
39.1837 1-seqq1 2 0.735093;
42.0862 1-seqq1 2 0.56305;
52.2449 1-seqq1 2 0.520039;
50.7937 1-seqq1 2 0.509286;
14.5125 1-seqq1 2 0.506354;
123.356 1-seqq1 2 0.45259;
65.3061 1-seqq1 2 0.13392;
18.8662 1-seqq1 2 0;
58827.8 1-seqq1 3 0.961877;
37.7324 1-seqq1 3 0.904203;
43.5374 1-seqq1 3 0.889541;
55.1474 1-seqq1 3 0.844575;
52.2449 1-seqq1 3 0.739003;
11.61 1-seqq1 3 0.677419;
40.6349 1-seqq1 3 0.576735;
50.7937 1-seqq1 3 0.461388;
52.2449 1-seqq1 3 0.345064;
18.8662 1-seqq1 3 0.280547;
42.0862 1-seqq1 3 0.205279;
43.5374 1-seqq1 3 0.147605;
44.9887 1-seqq1 3 0.132942;
52.2449 1-seqq1 3 0.13001;
2700.77 1-seqq1 3 0.150538;
49.3424 1-seqq1 3 0.208211;
47.8912 1-seqq1 3 0.262952;
21.7687 1-seqq1 3 0.292278;
40.6349 1-seqq1 3 0.301075;
40.6349 1-seqq1 3 0.304008;
406.349 1-seqq1 2 0.0381232;
56.5986 1-seqq1 2 0.0469208;
49.3424 1-seqq1 2 0.0498534;
7960.09 1-seqq1 2 0.0791789;
42.0862 1-seqq1 2 0.233627;
49.3424 1-seqq1 2 0.477028;
49.3424 1-seqq1 2 0.542522;
21.7687 1-seqq1 2 0.558162;
40.6349 1-seqq1 2 0.562072;
2487.44 1-seqq1 3 0.29912;
49.3424 1-seqq1 3 0.259042;
14.5125 1-seqq1 3 0.238514;
40.6349 1-seqq1 3 0.224829;
47.8912 1-seqq1 3 0.220919;
409.252 1-seqq1 3 0.208211;
55.1474 1-seqq1 3 0.173021;
13.0612 1-seqq1 3 0.164223;
28384.9 1-seqq1 4 0.236559;
62.4036 1-seqq1 4 0.338221;
18.8662 1-seqq1 4 0.431085;
40.6349 1-seqq1 4 0.597263;
43.5374 1-seqq1 4 0.670577;
55.1474 1-seqq1 4 0.68915;
49.3424 1-seqq1 4 0.694037;
462.948 1-seqq1 4 0.634409;
49.3424 1-seqq1 4 0.639296;
50.7937 1-seqq1 4 0.603128;
18.8662 1-seqq1 4 0.576735;
40.6349 1-seqq1 4 0.531769;
40.6349 1-seqq1 4 0.487781;
55.1474 1-seqq1 4 0.43304;
49.3424 1-seqq1 4 0.415445;
18.8662 1-seqq1 4 0.411535;
406.349 1-seqq1 3 0.171065;
37.7324 1-seqq1 3 0.220919;
40.6349 1-seqq1 3 0.28348;
50.7937 1-seqq1 3 0.384164;
52.2449 1-seqq1 3 0.491691;
17.415 1-seqq1 3 0.533724;
40.6349 1-seqq1 3 0.54741;
44.9887 1-seqq1 3 0.55132;
3195.65 1-seqq1 4 0.390029;
37.7324 1-seqq1 4 0.349951;
40.6349 1-seqq1 4 0.29912;
52.2449 1-seqq1 4 0.236559;
49.3424 1-seqq1 4 0.181818;
52.2449 1-seqq1 4 0.166178;
11.61 1-seqq1 4 0.162268;
78415.2 1-seqq1 2 0.618768;
65.3061 1-seqq1 2 0.747801;
15.9637 1-seqq1 2 0.788856;
37.7324 1-seqq1 2 0.798631;
46.4399 1-seqq1 2 0.801564;
100.136 1-seqq1 2 0.804497;
15.9637 1-seqq1 2 0.807429;
43.5374 1-seqq1 2 0.818182;
40.6349 1-seqq1 2 0.835777;
50.7937 1-seqq1 2 0.870968;
55.1474 1-seqq1 2 0.886608;
14.5125 1-seqq1 2 0.890518;
185.76 1-seqq1 2 0.88563;
177.052 1-seqq1 2 0.908113;
37.7324 1-seqq1 2 0.934506;
40.6349 1-seqq1 2 0.966764;
50.7937 1-seqq1 2 0.989247;
52.2449 1-seqq1 2 0.995112;
510.839 1-seqq1 2 0.97263;
42.0862 1-seqq1 2 0.903226;
52.2449 1-seqq1 2 0.847507;
50.7937 1-seqq1 2 0.832845;
15.9637 1-seqq1 2 0.829912;
7518.91 1-seqq1 3 0.530792;
40.6349 1-seqq1 3 0.492669;
49.3424 1-seqq1 3 0.44868;
53.6961 1-seqq1 3 0.395894;
18.8662 1-seqq1 3 0.368524;
39.1837 1-seqq1 3 0.338221;
43.5374 1-seqq1 3 0.316716;
47.8912 1-seqq1 3 0.31085;
55.1474 1-seqq1 3 0.304008;
15.9637 1-seqq1 3 0.286413;
40.6349 1-seqq1 3 0.248289;
46.4399 1-seqq1 3 0.206256;
47.8912 1-seqq1 3 0.192571;
55.1474 1-seqq1 3 0.189638;
258.322 1-seqq1 2 0.826979;
47.8912 1-seqq1 2 0.767351;
47.8912 1-seqq1 2 0.610948;
24.6712 1-seqq1 2 0.540567;
37.7324 1-seqq1 2 0.507331;
40.6349 1-seqq1 2 0.481916;
50.7937 1-seqq1 2 0.43695;
52.2449 1-seqq1 2 0.402737;
20.3175 1-seqq1 2 0.394917;
84.1723 1-seqq1 2 0.383187;
47.8912 1-seqq1 2 0.359726;
47.8912 1-seqq1 2 0.333333;
21.7687 1-seqq1 2 0.315738;
43.5374 1-seqq1 2 0.301075;
40.6349 1-seqq1 2 0.286413;
52.2449 1-seqq1 2 0.257087;
47.8912 1-seqq1 2 0.216031;
18.8662 1-seqq1 2 0.189638;
43.5374 1-seqq1 2 0.173021;
40.6349 1-seqq1 2 0.16911;
52.2449 1-seqq1 2 0.200391;
52.2449 1-seqq1 2 0.348974;
14.5125 1-seqq1 2 0.447703;
40.6349 1-seqq1 2 0.636364;
47.8912 1-seqq1 2 0.856305;
50.7937 1-seqq1 2 0.961877;
49.3424 1-seqq1 2 0.98827;
15.9637 1-seqq1 2 0.994135;
42.0862 1-seqq1 2 0.997067;
654.512 1-seqq1 2 0.982405;
52.2449 1-seqq1 2 0.882698;
49.3424 1-seqq1 2 0.777126;
14.5125 1-seqq1 2 0.71652;
40.6349 1-seqq1 2 0.624633;
47.8912 1-seqq1 2 0.549365;
47.8912 1-seqq1 2 0.530792;
53.6961 1-seqq1 2 0.525904;
11387.9 1-seqq1 4 0.178886;
37.7324 1-seqq1 4 0.203324;
49.3424 1-seqq1 4 0.28348;
53.6961 1-seqq1 4 0.373412;
18.8662 1-seqq1 4 0.424242;
40.6349 1-seqq1 4 0.496579;
40.6349 1-seqq1 4 0.603128;
50.7937 1-seqq1 4 0.713587;
47.8912 1-seqq1 4 0.800587;
21.7687 1-seqq1 4 0.832845;
42.0862 1-seqq1 4 0.85044;
43.5374 1-seqq1 4 0.85435;
1705.22 1-seqq1 4 0.841642;
40.6349 1-seqq1 4 0.811339;
37.7324 1-seqq1 4 0.744868;
44.9887 1-seqq1 4 0.673509;
50.7937 1-seqq1 4 0.625611;
49.3424 1-seqq1 4 0.597263;
17.415 1-seqq1 4 0.588465;
446.984 1-seqq1 4 0.610948;
47.8912 1-seqq1 4 0.634409;
50.7937 1-seqq1 4 0.610948;
49.3424 1-seqq1 4 0.561095;
14.5125 1-seqq1 4 0.536657;
40.6349 1-seqq1 4 0.523949;
47.8912 1-seqq1 4 0.521017;
1864.85 1-seqq1 4 0.497556;
40.6349 1-seqq1 4 0.424242;
37.7324 1-seqq1 4 0.357771;
40.6349 1-seqq1 4 0.320626;
50.7937 1-seqq1 4 0.311828;
52.2449 1-seqq1 4 0.308895;
1686.35 1-seqq1 4 0.320626;
37.7324 1-seqq1 4 0.251222;
50.7937 1-seqq1 4 0.216031;
52.2449 1-seqq1 4 0.207234;
7457.96 1-seqq1 2 0.541544;
47.8912 1-seqq1 2 0.713587;
47.8912 1-seqq1 2 0.926686;
26.1224 1-seqq1 2 0.98045;
36.2812 1-seqq1 2 0.99218;
40.6349 1-seqq1 2 0.995112;
2130.43 1-seqq1 3 0.199413;
18.8662 1-seqq1 3 0.252199;
37.7324 1-seqq1 3 0.415445;
43.5374 1-seqq1 3 0.649071;
52.2449 1-seqq1 3 0.84653;
52.2449 1-seqq1 3 0.895406;
14.5125 1-seqq1 3 0.908113;
246.712 1-seqq1 3 0.934506;
40.6349 1-seqq1 3 0.981427;
50.7937 1-seqq1 3 0.994135;
50.7937 1-seqq1 3 0.997067;
206.077 1-seqq1 3 0.87781;
15.9637 1-seqq1 3 0.826979;
40.6349 1-seqq1 3 0.792766;
44.9887 1-seqq1 3 0.783969;
203.175 1-seqq1 2 0.967742;
49.3424 1-seqq1 2 0.861193;
52.2449 1-seqq1 2 0.778104;
15.9637 1-seqq1 2 0.757576;
43.5374 1-seqq1 2 0.751711;
55427.5 1-seqq1 1 0.360704;
46.4399 1-seqq1 1 0.404692;
46.4399 1-seqq1 1 0.427175;
50.7937 1-seqq1 1 0.43304;
15.9637 1-seqq1 1 0.445748;
42.0862 1-seqq1 1 0.463343;
44.9887 1-seqq1 1 0.467253;
100603 1-seqq1 1 0.501466;
42.0862 1-seqq1 1 0.5826;
49.3424 1-seqq1 1 0.639296;
50.7937 1-seqq1 1 0.654936;
20.3175 1-seqq1 1 0.658847;
40.6349 1-seqq1 1 0.662757;
140.771 1-seqq1 1 0.667644;
145.125 1-seqq1 1 0.674487;
56.5986 1-seqq1 1 0.690127;
24.6712 1-seqq1 1 0.694037;
78.3673 1-seqq1 1 0.697947;
46.4399 1-seqq1 1 0.714565;
50.7937 1-seqq1 1 0.743891;
50.7937 1-seqq1 1 0.758553;
15.9637 1-seqq1 1 0.762463;
336.689 1-seqq1 1 0.751711;
50.7937 1-seqq1 1 0.710655;
15.9637 1-seqq1 1 0.69697;
40.6349 1-seqq1 1 0.688172;
43.5374 1-seqq1 1 0.680352;
49.3424 1-seqq1 1 0.674487;
53.6961 1-seqq1 1 0.669599;
53.6961 1-seqq1 1 0.662757;
46.4399 1-seqq1 1 0.649071;
52.2449 1-seqq1 1 0.643206;
145.125 1-seqq1 1 0.630499;
55.1474 1-seqq1 1 0.618768;
50.7937 1-seqq1 1 0.606061;
14.5125 1-seqq1 1 0.600196;
40.6349 1-seqq1 1 0.596285;
201.723 1-seqq1 1 0.588465;
46.4399 1-seqq1 1 0.571847;
50.7937 1-seqq1 1 0.541544;
50.7937 1-seqq1 1 0.524927;
14.5125 1-seqq1 1 0.521017;
570.34 1-seqq1 1 0.517107;
40.6349 1-seqq1 1 0.502444;
40.6349 1-seqq1 1 0.479961;
42.0862 1-seqq1 1 0.463343;
50.7937 1-seqq1 1 0.45259;
50.7937 1-seqq1 1 0.446725;
17.415 1-seqq1 1 0.442815;
42.0862 1-seqq1 1 0.438905;
11061.4 1-seqq1 2 0.697947;
46.4399 1-seqq1 2 0.544477;
52.2449 1-seqq1 2 0.437928;
23.22 1-seqq1 2 0.393939;
40.6349 1-seqq1 2 0.349951;
40.6349 1-seqq1 2 0.313783;
46.4399 1-seqq1 2 0.301075;
50.7937 1-seqq1 2 0.298143;
265.578 1-seqq1 2 0.30694;
42.0862 1-seqq1 2 0.311828;
3850.16 1-seqq1 2 0.342131;
40.6349 1-seqq1 2 0.351906;
49.3424 1-seqq1 2 0.355816;
50.7937 1-seqq1 2 0.446725;
18.8662 1-seqq1 2 0.540567;
42.0862 1-seqq1 2 0.659824;
40.6349 1-seqq1 2 0.68915;
50.7937 1-seqq1 2 0.697947;
21200.6 1-seqq1 0;
