47.8912 1-seqq1 2 0.293255;
50.7937 1-seqq1 2 0;
252.517 1-seqq1 2 0.0478983;
14.5125 1-seqq1 2 0.112414;
39.1837 1-seqq1 2 0.321603;
44.9887 1-seqq1 2 0.59433;
52.2449 1-seqq1 2 0.864125;
49.3424 1-seqq1 2 0.963832;
15.9637 1-seqq1 2 0.98827;
39.1837 1-seqq1 2 0.995112;
81.2698 1-seqq1 2 0.964809;
66.7574 1-seqq1 2 0.751711;
14.5125 1-seqq1 2 0.643206;
40.6349 1-seqq1 2 0.482893;
43.5374 1-seqq1 2 0.253177;
52.2449 1-seqq1 2 0;
267.029 1-seqq1 2 0.026393;
40.6349 1-seqq1 2 0.108504;
46.4399 1-seqq1 2 0.27566;
49.3424 1-seqq1 2 0.565005;
50.7937 1-seqq1 2 0.859238;
14.5125 1-seqq1 2 0.961877;
40.6349 1-seqq1 2 0.989247;
46.4399 1-seqq1 2 0.99609;
304.762 1-seqq1 0;
