18.8662 1-seqq1 1 0.170088;
42.0862 1-seqq1 1 0.179863;
40.6349 1-seqq1 1 0.186706;
47.8912 1-seqq1 1 0.201369;
52.2449 1-seqq1 1 0.217986;
24.6712 1-seqq1 1 0.227761;
37.7324 1-seqq1 1 0.241447;
40.6349 1-seqq1 1 0.259042;
50.7937 1-seqq1 1 0.27566;
49.3424 1-seqq1 1 0.29521;
52.2449 1-seqq1 1 0.320626;
11.61 1-seqq1 1 0.333333;
40.6349 1-seqq1 1 0.353861;
47.8912 1-seqq1 1 0.378299;
49.3424 1-seqq1 1 0.402737;
50.7937 1-seqq1 1 0.426197;
14.5125 1-seqq1 1 0.435973;
40.6349 1-seqq1 1 0.451613;
46.4399 1-seqq1 1 0.479961;
50.7937 1-seqq1 1 0.510264;
50.7937 1-seqq1 1 0.526882;
15.9637 1-seqq1 1 0.530792;
782.222 1-seqq1 0;
