0
0.0193417
0.0386668
0.0579588
0.0772011
0.0963774
0.115471
0.134466
0.153346
0.172096
0.190698
0.209138
0.227401
0.24547
0.263331
0.28097
0.298371
0.315521
0.332405
0.349011
0.365325
0.381335
0.397027
0.41239
0.427412
0.442083
0.45639
0.470325
0.483877
0.497037
0.509795
0.522144
0.534076
0.545583
0.556659
0.567296
0.57749
0.587235
0.596527
0.605361
0.613734
0.621643
0.629085
0.636058
0.642562
0.648596
0.654159
0.659252
0.663876
0.668033
0.671724
0.674952
0.677722
0.680035
0.681898
0.683314
0.684289
0.68483
0.684942
0.684633
0.68391
0.68278
0.681254
0.679338
0.677043
0.674379
0.671355
0.667983
0.664273
0.660236
0.655885
0.651231
0.646288
0.641067
0.635581
0.629845
0.623871
0.617674
0.611267
0.604665
0.597882
0.590932
0.583832
0.576594
0.569235
0.561769
0.554212
0.546578
0.538884
0.531143
0.523372
0.515585
0.507798
0.500026
0.492283
0.484584
0.476945
0.46938
0.461902
0.454527
0.447268
0.440139
0.433154
0.426325
0.419666
0.41319
0.406908
0.400833
0.394977
0.38935
0.383965
0.37883
0.373958
0.369357
0.365036
0.361005
0.357272
0.353845
0.350732
0.34794
0.345474
0.343343
0.34155
0.340101
0.339
0.338252
0.33786
0.337828
0.338157
0.33885
0.339907
0.34133
0.34312
0.345276
0.347797
0.350682
0.353929
0.357536
0.361501
0.365819
0.370487
0.375501
0.380856
0.386547
0.392567
0.398911
0.405572
0.412543
0.419815
0.427382
0.435235
0.443364
0.45176
0.460415
0.469318
0.478458
0.487826
0.497409
0.507198
0.517179
0.527342
0.537675
0.548164
0.558798
0.569564
0.580449
0.59144
0.602523
0.613686
0.624915
0.636195
0.648443
0.659787
0.671141
0.682492
0.693825
0.705128
0.716386
0.727586
0.738715
0.749759
0.760706
0.771541
0.782252
0.792827
0.803252
0.813515
0.823605
0.83351
0.843217
0.852715
0.861994
0.871042
0.87985
0.888407
0.896704
0.90473
0.912477
0.919938
0.927102
0.933962
0.940512
0.946744
0.952652
0.958229
0.96347
0.96837
0.972924
0.977129
0.980979
0.984472
0.987606
0.990378
0.992786
0.994829
0.996506
0.997817
0.998762
0.999343
0.999559
0.999414
0.998908
0.998046
0.996829
0.995262
0.993348
0.991093
0.988502
0.985579
0.982331
0.978764
0.974885
0.970701
0.96622
0.96145
0.956399
0.951075
0.945489
0.939649
0.933565
0.927247
0.920706
0.913952
0.906996
0.899849
0.892524
0.88503
0.87738
0.869587
0.861661
0.853617
0.845465
0.837219
0.828891
0.820494
0.81204
0.803927
0.795399
0.786853
0.778303
0.76976
0.761237
0.752747
0.744303
0.735917
0.727601
0.719368
0.711229
0.703197
0.695283
0.687499
0.679855
0.672363
0.665034
0.657877
0.650904
0.644123
0.637545
0.631178
0.625031
0.619114
0.613433
0.607996
0.602812
0.597886
0.593225
0.588835
0.584723
0.580892
0.577348
0.574095
0.571136
0.568475
0.566116
0.564059
0.562307
0.560861
0.559723
0.558892
0.558368
0.558151
0.55824
0.558633
0.559328
0.560322
0.561612
0.563195
0.565067
0.567222
0.569657
0.572365
0.575342
0.578579
0.582071
0.585811
0.58979
0.594001
0.598436
0.603085
0.607939
0.612988
0.618224
0.623635
0.629211
0.634941
0.640814
0.646819
0.652943
0.659176
0.665503
0.671915
0.678397
0.684937
0.691522
0.698139
0.704775
0.711416
0.71805
0.724662
0.73124
0.73777
0.744238
0.751558
0.757861
0.764061
0.770144
0.776097
0.781907
0.787561
0.793046
0.798349
0.803458
0.808361
0.813045
0.817498
0.821709
0.825667
0.82936
0.832778
0.83591
0.838746
0.841276
0.843491
0.845382
0.84694
0.848157
0.849025
0.849536
0.849684
0.849463
0.848865
0.847887
0.846521
0.844764
0.842613
0.840062
0.837109
0.833751
0.829987
0.825814
0.821232
0.81624
0.810839
0.805028
0.798809
0.792183
0.785153
0.777722
0.769892
0.761667
0.753052
0.744051
0.73467
0.724914
0.71479
0.704305
0.693465
0.682279
0.670755
0.658902
0.646729
0.634245
0.62146
0.608385
0.595031
0.581409
0.56753
0.553407
0.539051
0.524476
0.509694
0.494719
0.479564
0.464243
0.44877
0.433159
0.417424
0.401582
0.385645
0.36963
0.353551
0.337423
0.321263
0.305085
0.288905
0.272738
0.256601
0.240507
0.224474
0.208516
0.192649
0.176889
0.161249
0.145746
0.130395
0.115209
0.100205
0.0853953
0.0707952
0.0564183
0.0422784
0.0283889
0.0147628
0.00141289
-0.0116484
-0.0244088
-0.0368566
-0.0489805
-0.0607695
-0.0722129
-0.0833006
-0.0940229
-0.104371
-0.114335
-0.123907
-0.133079
-0.141845
-0.150197
-0.158128
-0.165633
-0.172706
-0.179344
-0.185541
-0.191294
-0.196599
-0.201455
-0.205859
-0.20981
-0.213307
-0.21635
-0.218939
-0.221074
-0.222758
-0.223992
-0.224779
-0.225122
-0.225025
-0.224491
-0.223527
-0.222136
-0.220326
-0.218102
-0.215471
-0.212441
-0.20902
-0.205217
-0.20104
-0.196498
-0.191602
-0.186362
-0.180788
-0.174893
-0.168687
-0.162183
-0.155393
-0.148329
-0.141006
-0.133436
-0.125632
-0.11761
-0.109383
-0.100967
-0.0923752
-0.0836235
-0.0747269
-0.0657011
-0.0565616
-0.0473241
-0.0380044
-0.0286187
-0.0191831
-0.00971369
0.0012794
0.0107673
0.020239
0.0296783
0.0390689
0.0483951
0.0576404
0.0667892
0.0758256
0.084734
0.0934991
0.102105
0.110538
0.118782
0.126822
0.134645
0.142237
0.149582
0.156669
0.163484
0.170013
0.176246
0.182169
0.187771
0.19304
0.197967
0.20254
0.206749
0.210586
0.214041
0.217105
0.219771
0.222031
0.223877
0.225305
0.226307
0.226878
0.227013
0.226709
0.225961
0.224766
0.223121
0.221025
0.218475
0.215472
0.212014
0.208103
0.203738
0.198921
0.193654
0.18794
0.181781
0.175181
0.168145
0.160677
0.152783
0.144467
0.135737
0.126599
0.11706
0.107129
0.0968138
0.0861229
0.0750659
0.0636522
0.0518919
0.0397958
0.0273746
0.0146399
0.00160312
-0.0117233
-0.0253273
-0.0391957
-0.0533158
-0.0676741
-0.0822569
-0.0970504
-0.11204
-0.127212
-0.142552
-0.158044
-0.173674
-0.189427
-0.205288
-0.221241
-0.23727
-0.253361
-0.269498
-0.285666
-0.301848
-0.31803
-0.334195
-0.350329
-0.366416
-0.382441
-0.398388
-0.414243
-0.429991
-0.445617
-0.461106
-0.476445
-0.491619
-0.506615
-0.521418
-0.536016
-0.550396
-0.564544
-0.57845
-0.5921
-0.605482
-0.618587
-0.631403
-0.643919
-0.656125
-0.668012
-0.67957
-0.690792
-0.701668
-0.71219
-0.722352
-0.732147
-0.741567
-0.750608
-0.759263
-0.767529
-0.775401
-0.782874
-0.789947
-0.796615
-0.802877
-0.808731
-0.814176
-0.819211
-0.823837
-0.828054
-0.831862
-0.835263
-0.83826
-0.840854
-0.843049
-0.844849
-0.846258
-0.847279
-0.847919
-0.848183
-0.848076
-0.847605
-0.846778
-0.845601
-0.844083
-0.842231
-0.840054
-0.837561
-0.834762
-0.831667
-0.828284
-0.824626
-0.820702
-0.816523
-0.812102
-0.807449
-0.802576
-0.797496
-0.792221
-0.786763
-0.781135
-0.775351
-0.769422
-0.763362
-0.757184
-0.750902
-0.743602
-0.737153
-0.730641
-0.724079
-0.717482
-0.710863
-0.704234
-0.697611
-0.691005
-0.68443
-0.677899
-0.671425
-0.665021
-0.658699
-0.652471
-0.646351
-0.640349
-0.634478
-0.628749
-0.623173
-0.617761
-0.612524
-0.607472
-0.602615
-0.597962
-0.593523
-0.589307
-0.585321
-0.581575
-0.578076
-0.57483
-0.571845
-0.569128
-0.566684
-0.564518
-0.562636
-0.561043
-0.559741
-0.558736
-0.55803
-0.557625
-0.557525
-0.55773
-0.558241
-0.55906
-0.560187
-0.56162
-0.56336
-0.565405
-0.567753
-0.570402
-0.57335
-0.576592
-0.580126
-0.583946
-0.588049
-0.592429
-0.597081
-0.601999
-0.607175
-0.612604
-0.618279
-0.62419
-0.630332
-0.636694
-0.643268
-0.650046
-0.657017
-0.664172
-0.671501
-0.678993
-0.686638
-0.694424
-0.702341
-0.710377
-0.718521
-0.72676
-0.735083
-0.743477
-0.75193
-0.76043
-0.768963
-0.777518
-0.786082
-0.794642
-0.802802
-0.811315
-0.819785
-0.828201
-0.836548
-0.844814
-0.852988
-0.861055
-0.869003
-0.876822
-0.884497
-0.892017
-0.89937
-0.906545
-0.91353
-0.920314
-0.926886
-0.933236
-0.939353
-0.945226
-0.950847
-0.956205
-0.961292
-0.966099
-0.970617
-0.974839
-0.978756
-0.982361
-0.985649
-0.988611
-0.991243
-0.993539
-0.995493
-0.997102
-0.99836
-0.999265
-0.999812
-1
-0.999826
-0.999288
-0.998385
-0.997116
-0.995482
-0.993481
-0.991115
-0.988386
-0.985294
-0.981842
-0.978033
-0.97387
-0.969356
-0.964496
-0.959295
-0.953757
-0.947888
-0.941694
-0.935182
-0.928358
-0.92123
-0.913805
-0.906093
-0.8981
-0.889837
-0.881312
-0.872536
-0.863518
-0.854269
-0.844799
-0.835119
-0.825242
-0.815178
-0.804938
-0.794537
-0.783985
-0.773295
-0.76248
-0.751553
-0.740526
-0.729414
-0.718229
-0.706986
-0.695696
-0.684375
-0.673035
-0.661691
-0.650355
-0.638115
-0.626841
-0.615617
-0.604458
-0.593377
-0.582388
-0.571503
-0.560737
-0.550101
-0.539609
-0.529272
-0.519104
-0.509117
-0.499321
-0.48973
-0.480353
-0.471203
-0.46229
-0.453623
-0.445214
-0.437072
-0.429206
-0.421624
-0.414336
-0.407349
-0.400672
-0.394311
-0.388273
-0.382564
-0.37719
-0.372157
-0.367469
-0.363131
-0.359146
-0.355519
-0.352251
-0.349345
-0.346803
-0.344627
-0.342816
-0.341372
-0.340294
-0.33958
-0.339231
-0.339243
-0.339615
-0.340343
-0.341424
-0.342854
-0.344628
-0.346742
-0.349189
-0.351965
-0.355062
-0.358473
-0.36219
-0.366207
-0.370514
-0.375102
-0.379963
-0.385086
-0.390461
-0.396078
-0.401926
-0.407994
-0.414269
-0.42074
-0.427395
-0.43422
-0.441204
-0.448332
-0.455591
-0.462968
-0.470448
-0.478017
-0.485662
-0.493367
-0.501117
-0.508899
-0.516696
-0.524494
-0.532278
-0.540033
-0.547742
-0.555393
-0.562968
-0.570453
-0.577832
-0.585091
-0.592215
-0.599189
-0.605997
-0.612626
-0.61906
-0.625287
-0.631291
-0.637058
-0.642576
-0.64783
-0.652808
-0.657497
-0.661884
-0.665959
-0.669707
-0.673119
-0.676182
-0.678887
-0.681224
-0.683182
-0.684752
-0.685924
-0.686692
-0.687047
-0.68698
-0.686485
-0.685556
-0.684187
-0.682371
-0.680105
-0.677383
-0.674202
-0.670559
-0.66645
-0.661875
-0.65683
-0.651315
-0.645329
-0.638873
-0.631946
-0.624552
-0.61669
-0.608364
-0.599576
-0.59033
-0.58063
-0.57048
-0.559887
-0.548855
-0.53739
-0.5255
-0.513192
-0.500474
-0.487353
-0.47384
-0.459942
-0.445671
-0.431036
-0.416047
-0.400717
-0.385056
-0.369078
-0.352793
-0.336215
-0.319357
-0.302232
-0.284855
-0.267239
-0.249399
-0.231349
-0.213105
-0.194682
-0.176095
-0.157359
-0.138491
-0.119506
-0.100421
-0.0812527
-0.0620158
-0.0427281
-0.0234053
-0
-0
0
