0
0.0332006
0.0663638
0.0994526
0.13243
0.165258
0.197901
0.230321
0.262484
0.294352
0.325889
0.357062
0.387835
0.418173
0.448044
0.477414
0.50625
0.534521
0.562196
0.589245
0.615637
0.641344
0.666339
0.690594
0.714084
0.736783
0.758667
0.779714
0.7999
0.819207
0.837612
0.855099
0.871649
0.887246
0.901874
0.915521
0.928173
0.939819
0.950449
0.960052
0.968623
0.976154
0.982641
0.988079
0.992467
0.995802
0.998085
0.999318
0.999503
0.998644
0.996746
0.993817
0.989863
0.984893
0.978919
0.971952
0.964004
0.955089
0.945223
0.934421
0.922701
0.910082
0.896583
0.882224
0.867028
0.851017
0.834214
0.816644
0.798333
0.779306
0.759591
0.739215
0.718208
0.696598
0.674416
0.651692
0.628457
0.604744
0.580585
0.556011
0.531057
0.505756
0.480142
0.454249
0.428112
0.401765
0.375242
0.34858
0.321812
0.294974
0.2681
0.241226
0.214386
0.187615
0.160947
0.134416
0.108056
0.0818998
0.0559813
0.0303328
0.00498632
-0.0200264
-0.0446742
-0.0689269
-0.0927545
-0.116128
-0.139018
-0.161399
-0.183242
-0.204521
-0.225212
-0.24529
-0.264731
-0.283513
-0.301615
-0.319015
-0.335695
-0.351635
-0.366819
-0.38123
-0.394852
-0.407672
-0.419677
-0.430854
-0.441193
-0.450685
-0.459321
-0.467094
-0.473998
-0.480029
-0.485183
-0.489457
-0.492851
-0.495365
-0.497
-0.497759
-0.497645
-0.496663
-0.49482
-0.492122
-0.488579
-0.484199
-0.478994
-0.472974
-0.466154
-0.458547
-0.450168
-0.441034
-0.43116
-0.420565
-0.409269
-0.39729
-0.38465
-0.37137
-0.357473
-0.342982
-0.32792
-0.312313
-0.296186
-0.279566
-0.262477
-0.244949
-0.227008
-0.208683
-0.190002
-0.170995
-0.151691
-0.132121
-0.112313
-0.0922984
-0.0721082
-0.0496633
-0.0292154
-0.00868676
0.0118917
0.0324891
0.0530745
0.0736172
0.0940867
0.114452
0.134685
0.154753
0.174628
0.19428
0.213681
0.232803
0.251617
0.270096
0.288213
0.305942
0.323257
0.340134
0.356547
0.372475
0.387893
0.40278
0.417115
0.430877
0.444047
0.456607
0.468538
0.479825
0.490451
0.500402
0.509664
0.518225
0.526073
0.533198
0.53959
0.54524
0.550142
0.55429
0.557678
0.560302
0.562161
0.563251
0.563573
0.563128
0.561916
0.559942
0.557208
0.553721
0.549486
0.54451
0.538802
0.532372
0.52523
0.517387
0.508856
0.499651
0.489786
0.479276
0.468139
0.456391
0.444051
0.431137
0.41767
0.403671
0.38916
0.374161
0.358695
0.342787
0.326462
0.309743
0.292655
0.275227
0.257482
0.23945
0.221156
0.202628
0.183895
0.164984
0.145925
0.126746
0.107476
0.0881445
0.069651
0.0502827
0.0309396
0.0116509
-0.00755439
-0.0266473
-0.0455991
-0.0643811
-0.0829649
-0.101323
-0.119427
-0.137249
-0.154764
-0.171944
-0.188763
-0.205197
-0.221219
-0.236806
-0.251934
-0.26658
-0.280723
-0.294339
-0.307408
-0.319911
-0.331829
-0.343142
-0.353834
-0.363888
-0.373288
-0.38202
-0.39007
-0.397426
-0.404075
-0.410008
-0.415214
-0.419686
-0.423416
-0.426397
-0.428624
-0.430093
-0.430802
-0.430748
-0.429931
-0.42835
-0.426008
-0.422908
-0.419052
-0.414446
-0.409096
-0.403009
-0.396194
-0.388659
-0.380415
-0.371473
-0.361847
-0.351548
-0.340593
-0.328997
-0.316776
-0.303948
-0.29053
-0.276544
-0.262008
-0.246943
-0.231373
-0.215319
-0.198804
-0.181854
-0.164492
-0.146745
-0.128639
-0.1102
-0.0914557
-0.0724341
-0.0531633
-0.0336721
-0.0139899
0.00585404
0.0258298
0.0459068
0.0660555
0.0862448
0.106444
0.126622
0.146749
0.166793
0.188832
0.208615
0.22822
0.247617
0.266774
0.285663
0.304253
0.322515
0.340419
0.357937
0.375041
0.391702
0.407894
0.42359
0.438764
0.45339
0.467443
0.480901
0.493738
0.505934
0.517465
0.528313
0.538455
0.547874
0.556551
0.56447
0.571614
0.577968
0.583519
0.588252
0.592157
0.595222
0.597438
0.598797
0.59929
0.598913
0.597659
0.595525
0.592508
0.588608
0.583823
0.578155
0.571606
0.564179
0.555878
0.546711
0.536684
0.525804
0.514082
0.501529
0.488154
0.473973
0.458999
0.443246
0.426732
0.409474
0.391489
0.372799
0.353422
0.333381
0.312698
0.291397
0.269501
0.247037
0.224029
0.200506
0.176494
0.152022
0.12712
0.101816
0.0761425
0.0501289
0.0238074
-0.0027898
-0.0296304
-0.056681
-0.0839083
-0.111279
-0.138758
-0.166312
-0.193905
-0.221504
-0.249074
-0.276578
-0.303983
-0.331254
-0.358355
-0.385252
-0.411911
-0.438295
-0.464372
-0.490108
-0.515468
-0.54042
-0.56493
-0.588967
-0.612499
-0.635493
-0.65792
-0.679749
-0.700952
-0.721498
-0.741361
-0.760513
-0.778927
-0.796578
-0.813442
-0.829495
-0.844714
-0.859078
-0.872565
-0.885155
-0.896832
-0.907576
-0.917372
-0.926203
-0.934057
-0.940921
-0.946782
-0.95163
-0.955456
-0.958252
-0.960011
-0.960728
-0.960399
-0.959021
-0.956593
-0.953113
-0.948584
-0.943007
-0.936386
-0.928727
-0.920035
-0.910318
-0.899584
-0.887844
-0.87511
-0.861393
-0.846708
-0.831069
-0.814493
-0.796997
-0.778599
-0.75932
-0.73918
-0.718201
-0.696406
-0.673819
-0.650464
-0.626368
-0.601557
-0.57606
-0.549905
-0.52312
-0.495737
-0.467786
-0.4393
-0.41031
-0.38085
-0.350952
-0.320652
-0.289984
-0.258982
-0.227683
-0.196123
-0.164337
-0.132363
-0.100236
-0.067995
-0.0356758
0.000108889
0.0324708
0.0647955
0.0970456
0.129184
0.161174
0.192979
0.224562
0.255886
0.286916
0.317617
0.347953
0.377889
0.407391
0.436426
0.46496
0.492962
0.520398
0.547239
0.573454
0.599014
0.623889
0.648053
0.671477
0.694137
0.716006
0.737062
0.757281
0.776641
0.795121
0.812701
0.829364
0.845091
0.859865
0.873673
0.8865
0.898333
0.909161
0.918973
0.927762
0.935518
0.942236
0.947911
0.952539
0.956117
0.958645
0.960122
0.96055
0.959931
0.95827
0.955572
0.951843
0.947092
0.941327
0.934558
0.926799
0.91806
0.908356
0.897702
0.886115
0.873612
0.860211
0.845931
0.830795
0.814823
0.798037
0.780462
0.762122
0.743043
0.72325
0.702771
0.681633
0.659867
0.637499
0.614562
0.591085
0.5671
0.542638
0.517733
0.492416
0.46672
0.440681
0.41433
0.387703
0.360835
0.333759
0.30651
0.279124
0.251635
0.224078
0.196489
0.168902
0.141351
0.113872
0.0864994
0.0592663
0.0322069
0.00535459
-0.0212574
-0.0475965
-0.0736306
-0.0993281
-0.124658
-0.149589
-0.174092
-0.198138
-0.221698
-0.244745
-0.267252
-0.289191
-0.310539
-0.33127
-0.351362
-0.370792
-0.389537
-0.407578
-0.424896
-0.44147
-0.457284
-0.472322
-0.486568
-0.500009
-0.51263
-0.52442
-0.53537
-0.545468
-0.554706
-0.563079
-0.570578
-0.577201
-0.582943
-0.587802
-0.591777
-0.594868
-0.597076
-0.598405
-0.598856
-0.598437
-0.597152
-0.595008
-0.592016
-0.588182
-0.58352
-0.578039
-0.571754
-0.564678
-0.556826
-0.548214
-0.538859
-0.528779
-0.517994
-0.506521
-0.494384
-0.481602
-0.468199
-0.454198
-0.439623
-0.424497
-0.408848
-0.3927
-0.376081
-0.359017
-0.341537
-0.323667
-0.305439
-0.286879
-0.268018
-0.248886
-0.229513
-0.209928
-0.190164
-0.16814
-0.148108
-0.127992
-0.107821
-0.0876269
-0.0674401
-0.0472914
-0.0272115
-0.00723058
0.0126211
0.0323135
0.0518173
0.0711033
0.0901426
0.108907
0.127368
0.145499
0.163273
0.180663
0.197645
0.214192
0.230282
0.245889
0.260993
0.27557
0.289599
0.303061
0.315935
0.328203
0.339849
0.350854
0.361204
0.370884
0.379879
0.388178
0.39577
0.402642
0.408787
0.414195
0.41886
0.422776
0.425936
0.428338
0.429979
0.430857
0.430972
0.430324
0.428915
0.426748
0.423827
0.420157
0.415745
0.410597
0.404722
0.398129
0.39083
0.382834
0.374156
0.364809
0.354807
0.344166
0.332901
0.321032
0.308575
0.295549
0.281976
0.267875
0.253268
0.238178
0.222626
0.206638
0.190236
0.173446
0.156293
0.138804
0.121005
0.102922
0.0845826
0.0660151
0.0472471
0.028307
0.00922353
-0.00997472
-0.0292589
-0.0485998
-0.0670972
-0.0864642
-0.105801
-0.125078
-0.144267
-0.163338
-0.182263
-0.201013
-0.219559
-0.237875
-0.255931
-0.273701
-0.291158
-0.308275
-0.325026
-0.341387
-0.357331
-0.372834
-0.387874
-0.402427
-0.41647
-0.429982
-0.442943
-0.455332
-0.46713
-0.478319
-0.488882
-0.498801
-0.508062
-0.51665
-0.52455
-0.531751
-0.538241
-0.544009
-0.549046
-0.553343
-0.556892
-0.559688
-0.561726
-0.563
-0.563509
-0.56325
-0.562223
-0.560428
-0.557866
-0.554541
-0.550455
-0.545615
-0.540025
-0.533694
-0.526629
-0.518839
-0.510336
-0.50113
-0.491235
-0.480663
-0.469429
-0.457549
-0.44504
-0.431918
-0.418203
-0.403913
-0.38907
-0.373693
-0.357805
-0.341429
-0.324588
-0.307306
-0.289609
-0.271521
-0.253069
-0.23428
-0.215181
-0.1958
-0.176165
-0.156305
-0.136249
-0.116027
-0.0956688
-0.0752046
-0.0546643
-0.0340787
-0.013479
0.00710484
0.0276411
0.0480995
0.0705574
0.0907635
0.110796
0.130625
0.150219
0.169548
0.188583
0.207295
0.225653
0.243629
0.261195
0.278323
0.294986
0.311158
0.326811
0.34192
0.356462
0.370411
0.383745
0.396441
0.408477
0.419833
0.430488
0.440424
0.449622
0.458065
0.465738
0.472625
0.478712
0.483986
0.488436
0.492049
0.494818
0.496733
0.497786
0.497972
0.497286
0.495724
0.493283
0.489961
0.485759
0.480677
0.474718
0.467884
0.460181
0.451615
0.442192
0.43192
0.42081
0.408871
0.396116
0.382556
0.368208
0.353084
0.337202
0.320579
0.303234
0.285185
0.266454
0.247062
0.227031
0.206385
0.185148
0.163345
0.141003
0.118147
0.0948065
0.0710089
0.0467836
0.0221603
-0.00283046
-0.0281579
-0.0537903
-0.0796955
-0.105841
-0.132194
-0.158721
-0.185388
-0.212161
-0.239005
-0.265887
-0.292772
-0.319624
-0.346409
-0.373092
-0.399638
-0.426011
-0.452178
-0.478104
-0.503753
-0.529093
-0.554088
-0.578706
-0.602913
-0.626677
-0.649964
-0.672744
-0.694984
-0.716655
-0.737726
-0.758168
-0.777951
-0.797049
-0.815434
-0.833079
-0.849959
-0.86605
-0.881328
-0.89577
-0.909354
-0.92206
-0.933869
-0.944761
-0.954718
-0.963726
-0.971768
-0.97883
-0.9849
-0.989966
-0.994018
-0.997046
-0.999042
-1
-0.999915
-0.998781
-0.996598
-0.993362
-0.989074
-0.983735
-0.977347
-0.969914
-0.961441
-0.951934
-0.9414
-0.92985
-0.917291
-0.903737
-0.8892
-0.873693
-0.857231
-0.839831
-0.821511
-0.802288
-0.782183
-0.761215
-0.739408
-0.716784
-0.693367
-0.669182
-0.644255
-0.618613
-0.592283
-0.565294
-0.537676
-0.509459
-0.480674
-0.451352
-0.421526
-0.39123
-0.360496
-0.329359
-0.297854
-0.266015
-0.233878
-0.20148
-0.168856
-0.136044
-0.103079
-0.0699989
-0.0368411
-0
-0
0
