0
0.0233059
0.0465985
0.0698647
0.0930911
0.116265
0.139372
0.1624
0.185336
0.208167
0.23088
0.253462
0.2759
0.298182
0.320296
0.342228
0.363967
0.3855
0.406817
0.427904
0.44875
0.469345
0.489676
0.509732
0.529504
0.548979
0.568148
0.587001
0.605527
0.623717
0.641562
0.659051
0.676177
0.692931
0.709303
0.725286
0.740873
0.756054
0.770824
0.785175
0.799101
0.812595
0.82565
0.838262
0.850425
0.862134
0.873383
0.884168
0.894486
0.904332
0.913703
0.922596
0.931007
0.938935
0.946377
0.953331
0.959796
0.965771
0.971254
0.976245
0.980745
0.984753
0.988269
0.991295
0.993832
0.99588
0.997443
0.998521
0.999117
0.999235
0.998877
0.998046
0.996745
0.99498
0.992754
0.990071
0.986936
0.983355
0.979333
0.974874
0.969986
0.964673
0.958943
0.952802
0.946257
0.939315
0.931982
0.924267
0.916178
0.907721
0.898906
0.889739
0.880231
0.870389
0.860222
0.849739
0.838949
0.827862
0.816486
0.804832
0.792908
0.780725
0.768291
0.755618
0.742715
0.729593
0.71626
0.702728
0.689007
0.675107
0.661037
0.64681
0.632435
0.617922
0.603282
0.588526
0.573663
0.558704
0.54366
0.52854
0.513356
0.498117
0.482833
0.467515
0.452173
0.436817
0.421456
0.406101
0.390762
0.375447
0.360168
0.344932
0.32975
0.314631
0.299583
0.284616
0.269739
0.254961
0.240289
0.225733
0.211301
0.197
0.18284
0.168827
0.154969
0.141274
0.127749
0.114401
0.101237
0.088264
0.0754884
0.0629167
0.050555
0.0384094
0.0264855
0.0147892
0.00332573
-0.00789947
-0.0188817
-0.0296159
-0.0400976
-0.0503221
-0.0602855
-0.0699834
-0.0794124
-0.0885687
-0.0974486
-0.106049
-0.114368
-0.122401
-0.130146
-0.137413
-0.144575
-0.151444
-0.158017
-0.164292
-0.170268
-0.175944
-0.181319
-0.186391
-0.19116
-0.195627
-0.199789
-0.203648
-0.207203
-0.210454
-0.213403
-0.216049
-0.218393
-0.220437
-0.222181
-0.223626
-0.224775
-0.225628
-0.226187
-0.226454
-0.226432
-0.226121
-0.225526
-0.224647
-0.223489
-0.222052
-0.220341
-0.218358
-0.216106
-0.213589
-0.21081
-0.207773
-0.20448
-0.200936
-0.197144
-0.193109
-0.188834
-0.184324
-0.179582
-0.174613
-0.169422
-0.164013
-0.15839
-0.152558
-0.146521
-0.140286
-0.133856
-0.127236
-0.120431
-0.113448
-0.10629
-0.0989623
-0.091471
-0.0838215
-0.0760186
-0.0680681
-0.0599752
-0.0517458
-0.0433852
-0.0348991
-0.026293
-0.0175729
-0.0087445
0.000186683
0.0092147
0.0183337
0.0275376
0.036821
0.0461777
0.0556017
0.0650869
0.0746278
0.084218
0.0938517
0.103522
0.113225
0.122952
0.132699
0.142459
0.152226
0.164076
0.173838
0.183588
0.19332
0.203027
0.212703
0.222342
0.231939
0.241486
0.250979
0.260411
0.269776
0.279069
0.288282
0.297411
0.306449
0.315391
0.32423
0.33296
0.341577
0.350074
0.358445
0.366685
0.374788
0.382749
0.390561
0.39822
0.405719
0.413054
0.420219
0.427209
0.434018
0.440641
0.447074
0.45331
0.459346
0.465175
0.470794
0.476197
0.481379
0.486337
0.491065
0.49556
0.499815
0.503828
0.507595
0.51111
0.51437
0.517371
0.52011
0.522582
0.524784
0.526713
0.528365
0.529737
0.530825
0.531628
0.532142
0.532364
0.532292
0.531923
0.531255
0.530286
0.529014
0.527437
0.525553
0.523361
0.520859
0.518046
0.514921
0.511483
0.507731
0.503665
0.499284
0.494589
0.489578
0.484253
0.478613
0.472659
0.466391
0.459811
0.45292
0.445718
0.438208
0.430391
0.422268
0.414031
0.405304
0.396277
0.386955
0.377339
0.367433
0.35724
0.346762
0.336005
0.324972
0.313666
0.302092
0.290255
0.278159
0.265809
0.25321
0.240367
0.227286
0.213973
0.200432
0.186671
0.172695
0.158511
0.144126
0.129545
0.114777
0.0998288
0.084707
0.0694192
0.0539736
0.0383774
0.0226392
0.00676671
-0.00923145
-0.0253471
-0.0415713
-0.0578956
-0.0743108
-0.0908082
-0.107378
-0.124012
-0.1407
-0.157432
-0.1742
-0.190993
-0.207801
-0.224615
-0.241425
-0.25822
-0.27499
-0.291726
-0.308416
-0.325051
-0.34162
-0.358113
-0.37452
-0.390829
-0.407031
-0.423115
-0.439071
-0.454887
-0.470554
-0.486062
-0.501399
-0.516556
-0.531522
-0.546286
-0.56084
-0.575172
-0.589272
-0.603131
-0.616738
-0.630085
-0.64316
-0.655956
-0.668461
-0.680668
-0.692566
-0.704147
-0.715402
-0.726322
-0.736899
-0.747125
-0.75699
-0.766488
-0.77561
-0.78435
-0.792699
-0.80065
-0.808197
-0.815334
-0.822052
-0.828347
-0.834212
-0.839643
-0.844632
-0.849176
-0.853269
-0.856906
-0.860085
-0.8628
-0.865047
-0.866824
-0.868127
-0.868953
-0.8693
-0.869166
-0.868549
-0.867447
-0.865859
-0.863785
-0.861222
-0.858173
-0.854635
-0.85061
-0.846099
-0.841102
-0.835621
-0.829658
-0.823215
-0.816294
-0.808898
-0.801029
-0.792692
-0.783891
-0.774628
-0.764909
-0.754738
-0.74412
-0.733061
-0.721566
-0.709642
-0.697294
-0.684529
-0.671354
-0.657776
-0.643803
-0.629442
-0.614702
-0.59959
-0.584116
-0.568288
-0.552115
-0.535608
-0.518774
-0.501624
-0.484169
-0.466419
-0.448383
-0.430073
-0.4115
-0.392675
-0.37361
-0.354315
-0.334803
-0.315084
-0.295173
-0.275079
-0.254817
-0.234397
-0.213833
-0.193138
-0.172323
-0.151402
-0.130388
-0.109293
-0.0881314
-0.0669152
-0.0456581
-0.0243727
0.000260303
0.0215614
0.0428493
0.0641108
0.0853328
0.106502
0.127606
0.148631
0.169564
0.190393
0.211104
0.231685
0.252124
0.272407
0.292522
0.312457
0.3322
0.351739
0.371062
0.390157
0.409013
0.427618
0.445961
0.464032
0.481819
0.499312
0.5165
0.533375
0.549924
0.56614
0.582012
0.597531
0.612689
0.627477
0.641886
0.655909
0.669538
0.682764
0.695582
0.707983
0.719962
0.731512
0.742627
0.753302
0.76353
0.773308
0.782629
0.79149
0.799887
0.807816
0.815274
0.822256
0.828762
0.834787
0.840331
0.84539
0.849965
0.854053
0.857655
0.860768
0.863394
0.865533
0.867185
0.868351
0.869033
0.86923
0.868947
0.868184
0.866945
0.865231
0.863047
0.860394
0.857279
0.853702
0.849671
0.845188
0.840259
0.834889
0.829083
0.822847
0.816187
0.809108
0.801618
0.793723
0.785429
0.776744
0.767675
0.75823
0.748417
0.738243
0.727716
0.716845
0.705638
0.694105
0.682253
0.670092
0.65763
0.644878
0.631845
0.618539
0.604971
0.591151
0.577088
0.562793
0.548275
0.533544
0.518611
0.503486
0.488178
0.4727
0.457061
0.441271
0.42534
0.40928
0.393101
0.376813
0.360426
0.343952
0.3274
0.310781
0.294105
0.277383
0.260625
0.243841
0.227041
0.210235
0.193434
0.176647
0.159884
0.143154
0.126468
0.109835
0.0932647
0.0767656
0.0603474
0.0440188
0.0277892
0.011667
-0.00433894
-0.0202203
-0.0359686
-0.051576
-0.067034
-0.0823351
-0.0974713
-0.112436
-0.12722
-0.141818
-0.156222
-0.170425
-0.184422
-0.198205
-0.211767
-0.225104
-0.23821
-0.251078
-0.263703
-0.276079
-0.288203
-0.300068
-0.311671
-0.323006
-0.33407
-0.344859
-0.355368
-0.365594
-0.375533
-0.385182
-0.394539
-0.4036
-0.412362
-0.420635
-0.428794
-0.436648
-0.444195
-0.451433
-0.458362
-0.46498
-0.471286
-0.477279
-0.482957
-0.488322
-0.493372
-0.498106
-0.502527
-0.506632
-0.510424
-0.513902
-0.517067
-0.51992
-0.522462
-0.524694
-0.526618
-0.528235
-0.529547
-0.530555
-0.531263
-0.531671
-0.531782
-0.531599
-0.531124
-0.53036
-0.52931
-0.527976
-0.526362
-0.52447
-0.522305
-0.51987
-0.517168
-0.514203
-0.510978
-0.507498
-0.503767
-0.499788
-0.495566
-0.491105
-0.48641
-0.481484
-0.476333
-0.470962
-0.465373
-0.459574
-0.453568
-0.44736
-0.440956
-0.434361
-0.427578
-0.420615
-0.413475
-0.406166
-0.39869
-0.391055
-0.383265
-0.375327
-0.367245
-0.359026
-0.350675
-0.342197
-0.333599
-0.324885
-0.316063
-0.307137
-0.298115
-0.289
-0.2798
-0.270521
-0.261168
-0.251747
-0.242264
-0.232726
-0.223138
-0.213507
-0.203838
-0.194137
-0.184411
-0.174666
-0.162825
-0.15306
-0.143295
-0.133536
-0.123789
-0.114061
-0.104357
-0.0946838
-0.085047
-0.0754529
-0.0659073
-0.0564162
-0.0469858
-0.037622
-0.0283307
-0.0191177
-0.00998911
-0.000950695
0.00799163
0.0168322
0.0255651
0.0341845
0.0426849
0.0510605
0.0593058
0.067415
0.0753828
0.0832036
0.0908719
0.0983824
0.10573
0.112908
0.119914
0.12674
0.133382
0.139835
0.146095
0.152155
0.158012
0.163661
0.169097
0.174314
0.17931
0.18408
0.188618
0.192922
0.196986
0.200807
0.204381
0.207704
0.210772
0.213582
0.216131
0.218414
0.220429
0.222173
0.223642
0.224833
0.225745
0.226374
0.226717
0.226774
0.22654
0.226015
0.225196
0.224081
0.22267
0.22096
0.218951
0.21664
0.214028
0.211114
0.207896
0.204375
0.20055
0.196421
0.191988
0.187252
0.182212
0.17687
0.171227
0.165283
0.159039
0.152498
0.14566
0.138528
0.131291
0.123575
0.115571
0.107282
0.0987092
0.0898566
0.0807275
0.071325
0.0616528
0.0517145
0.0415144
0.0310565
0.0203453
0.00938533
-0.00181846
-0.0132612
-0.0249377
-0.0368425
-0.0489699
-0.0613144
-0.0738696
-0.0866297
-0.0995882
-0.112738
-0.126074
-0.139587
-0.153272
-0.16712
-0.181125
-0.195278
-0.209572
-0.223999
-0.238551
-0.25322
-0.267996
-0.282872
-0.29784
-0.312889
-0.328011
-0.343197
-0.358438
-0.373724
-0.389046
-0.404395
-0.41976
-0.435132
-0.450501
-0.465857
-0.48119
-0.49649
-0.511747
-0.526951
-0.542091
-0.557157
-0.572138
-0.587025
-0.601807
-0.616474
-0.631015
-0.645419
-0.659677
-0.673777
-0.687711
-0.701466
-0.715034
-0.728403
-0.741563
-0.754505
-0.767218
-0.779692
-0.791918
-0.803886
-0.815585
-0.827006
-0.83814
-0.848978
-0.859509
-0.869726
-0.879619
-0.889179
-0.898398
-0.907267
-0.915778
-0.923923
-0.931694
-0.939084
-0.946084
-0.952688
-0.958888
-0.964678
-0.97005
-0.975
-0.97952
-0.983605
-0.987249
-0.990447
-0.993194
-0.995484
-0.997314
-0.99868
-0.999576
-1
-0.999948
-0.999418
-0.998406
-0.996909
-0.994927
-0.992457
-0.989498
-0.986048
-0.982106
-0.977673
-0.972748
-0.96733
-0.961421
-0.955022
-0.948133
-0.940756
-0.932892
-0.924545
-0.915716
-0.906408
-0.896624
-0.886368
-0.875644
-0.864455
-0.852807
-0.840704
-0.82815
-0.815152
-0.801715
-0.787845
-0.773549
-0.758833
-0.743704
-0.72817
-0.712238
-0.695915
-0.679211
-0.662133
-0.64469
-0.62689
-0.608744
-0.590261
-0.57145
-0.55232
-0.532884
-0.51315
-0.493129
-0.472833
-0.452271
-0.431456
-0.4104
-0.389112
-0.367605
-0.345892
-0.323984
-0.301893
-0.279632
-0.257213
-0.234648
-0.211952
-0.189135
-0.166212
-0.143195
-0.120096
-0.0969306
-0.0737101
-0.0504485
-0.0271584
-0
-0
0
