0
0.0191694
0.0383291
0.0574695
0.076581
0.095654
0.114679
0.133646
0.152547
0.171371
0.190109
0.208752
0.227292
0.245719
0.264024
0.282198
0.300233
0.318121
0.335854
0.353422
0.370819
0.388036
0.405066
0.421901
0.438535
0.454961
0.471171
0.48716
0.502921
0.518447
0.533735
0.548777
0.563568
0.578104
0.59238
0.606392
0.620135
0.633605
0.646799
0.659713
0.672345
0.684691
0.696749
0.708518
0.719994
0.731178
0.742066
0.752658
0.762954
0.772954
0.782656
0.792061
0.80117
0.809983
0.818501
0.826726
0.834659
0.842302
0.849658
0.856727
0.863514
0.87002
0.87625
0.882206
0.887892
0.893311
0.898469
0.903369
0.908015
0.912412
0.916566
0.92048
0.924161
0.927614
0.930844
0.933857
0.936659
0.939255
0.941653
0.943857
0.945876
0.947714
0.949378
0.950875
0.952212
0.953395
0.954432
0.955328
0.956092
0.956728
0.957245
0.95765
0.957949
0.958148
0.958256
0.958278
0.958221
0.958092
0.957898
0.957645
0.957339
0.956986
0.956594
0.956168
0.955714
0.955237
0.954745
0.954241
0.953732
0.953223
0.952719
0.952225
0.951745
0.951284
0.950847
0.950438
0.95006
0.949717
0.949414
0.949152
0.948936
0.948768
0.948651
0.948587
0.948578
0.948627
0.948734
0.948902
0.949131
0.949423
0.949779
0.950198
0.95068
0.951227
0.951838
0.952511
0.953247
0.954044
0.954901
0.955817
0.95679
0.957818
0.958898
0.960029
0.961208
0.962431
0.963697
0.965001
0.966341
0.967712
0.969111
0.970534
0.971976
0.973434
0.974902
0.976377
0.977852
0.979324
0.980788
0.982237
0.983667
0.985072
0.986447
0.987786
0.989083
0.990333
0.991529
0.992667
0.993739
0.99474
0.995664
0.996965
0.997716
0.998371
0.998925
0.999371
0.999702
0.999914
1
0.999955
0.999772
0.999446
0.998971
0.998342
0.997554
0.996601
0.995477
0.994178
0.9927
0.991036
0.989182
0.987135
0.984889
0.982441
0.979786
0.976921
0.973842
0.970546
0.967029
0.963289
0.959323
0.955128
0.950701
0.946042
0.941148
0.936017
0.930648
0.925039
0.919191
0.913102
0.906772
0.900201
0.893388
0.886335
0.879041
0.871509
0.863738
0.85573
0.847487
0.839011
0.830303
0.821367
0.812205
0.80282
0.793214
0.783392
0.773357
0.763112
0.752663
0.742012
0.731165
0.720126
0.708901
0.697494
0.685911
0.674157
0.662238
0.65016
0.637929
0.625552
0.613033
0.600382
0.587603
0.574703
0.561691
0.548572
0.535354
0.522044
0.508649
0.495178
0.481637
0.468035
0.454378
0.440675
0.426933
0.41316
0.399553
0.385742
0.371923
0.358104
0.344292
0.330497
0.316725
0.302984
0.289281
0.275625
0.262022
0.248481
0.235008
0.22161
0.208295
0.19507
0.181942
0.168916
0.156001
0.143201
0.130525
0.117976
0.105563
0.0932891
0.0811618
0.0691855
0.0573658
0.0457076
0.0342157
0.0228944
0.0117483
0.00078143
-0.0100021
-0.020599
-0.0310056
-0.0412188
-0.0512354
-0.0610531
-0.0706692
-0.0800817
-0.0892881
-0.0982874
-0.107078
-0.115658
-0.124028
-0.132185
-0.140131
-0.147864
-0.155385
-0.162694
-0.169792
-0.176679
-0.183357
-0.189826
-0.196089
-0.202147
-0.208003
-0.213657
-0.219114
-0.224375
-0.229444
-0.234323
-0.239017
-0.243527
-0.247859
-0.252016
-0.256001
-0.25982
-0.263477
-0.266976
-0.270322
-0.273519
-0.276573
-0.27949
-0.282273
-0.284928
-0.287462
-0.289878
-0.292184
-0.294385
-0.296486
-0.298493
-0.300412
-0.302249
-0.30401
-0.305701
-0.306868
-0.308437
-0.309954
-0.311426
-0.312857
-0.314255
-0.315624
-0.316971
-0.318301
-0.31962
-0.320933
-0.322246
-0.323564
-0.324893
-0.326237
-0.327601
-0.328991
-0.330411
-0.331865
-0.333359
-0.334896
-0.33648
-0.338115
-0.339806
-0.341555
-0.343366
-0.345242
-0.347186
-0.3492
-0.351288
-0.353451
-0.355692
-0.358012
-0.360413
-0.362897
-0.365464
-0.368115
-0.370851
-0.373673
-0.376581
-0.379574
-0.382652
-0.385815
-0.389062
-0.392391
-0.395802
-0.399293
-0.402862
-0.406507
-0.410226
-0.414016
-0.417875
-0.421799
-0.425786
-0.429831
-0.433932
-0.438084
-0.442283
-0.446525
-0.450806
-0.45512
-0.459464
-0.463832
-0.468218
-0.472617
-0.477024
-0.481434
-0.485839
-0.490235
-0.494615
-0.498972
-0.503302
-0.507596
-0.511848
-0.516052
-0.520202
-0.524289
-0.528308
-0.532252
-0.536113
-0.539885
-0.54356
-0.547132
-0.550593
-0.553936
-0.557156
-0.560243
-0.563193
-0.565997
-0.568649
-0.571142
-0.573469
-0.575625
-0.577601
-0.579393
-0.580993
-0.582396
-0.583595
-0.584585
-0.58536
-0.585914
-0.586242
-0.586339
-0.586199
-0.585819
-0.585192
-0.584314
-0.583183
-0.581793
-0.58014
-0.578221
-0.576033
-0.573573
-0.570838
-0.567825
-0.564532
-0.560958
-0.557099
-0.552956
-0.548525
-0.543808
-0.538802
-0.533508
-0.527926
-0.522056
-0.515897
-0.509452
-0.502721
-0.495705
-0.488407
-0.480828
-0.47297
-0.464837
-0.45643
-0.447753
-0.43881
-0.429603
-0.420138
-0.410418
-0.400448
-0.390232
-0.379776
-0.369085
-0.358164
-0.347019
-0.335657
-0.324083
-0.312304
-0.300328
-0.288159
-0.275807
-0.263278
-0.25058
-0.237721
-0.224707
-0.211548
-0.198252
-0.184827
-0.171282
-0.157625
-0.143865
-0.130011
-0.116071
-0.102056
-0.0879743
-0.0738347
-0.0596473
-0.0454206
-0.0311645
-0.0168884
0.000633883
0.0149212
0.029199
0.0434578
0.0576883
0.071881
0.0860265
0.100115
0.114139
0.128087
0.141951
0.155722
0.169392
0.182951
0.19639
0.209701
0.222876
0.235907
0.248784
0.261502
0.27405
0.286424
0.298613
0.310613
0.322415
0.334013
0.3454
0.35657
0.367517
0.378236
0.38872
0.398964
0.408964
0.418714
0.42821
0.437447
0.446422
0.455131
0.463571
0.471737
0.479629
0.487242
0.494574
0.501625
0.508391
0.514871
0.521065
0.526972
0.532591
0.537921
0.542963
0.547717
0.552184
0.556365
0.56026
0.563872
0.567202
0.570252
0.573024
0.575521
0.577745
0.579701
0.58139
0.582817
0.583985
0.584898
0.58556
0.585977
0.586152
0.58609
0.585796
0.585277
0.584536
0.583579
0.582413
0.581043
0.579475
0.577715
0.57577
0.573646
0.571349
0.568886
0.566264
0.563489
0.560568
0.557508
0.554317
0.551
0.547565
0.544019
0.54037
0.536623
0.532786
0.528866
0.52487
0.520805
0.516678
0.512496
0.508264
0.50399
0.499681
0.495343
0.490982
0.486605
0.482217
0.477825
0.473435
0.469052
0.464681
0.460329
0.456001
0.451701
0.447434
0.443205
0.439019
0.43488
0.430792
0.426759
0.422785
0.418872
0.415024
0.411245
0.407537
0.403902
0.400344
0.396863
0.393461
0.390141
0.386904
0.38375
0.380681
0.377697
0.374798
0.371985
0.369258
0.366615
0.364057
0.361582
0.35919
0.356878
0.354646
0.352492
0.350413
0.348408
0.346473
0.344607
0.342805
0.341066
0.339385
0.33776
0.336185
0.334659
0.333176
0.331733
0.330324
0.328946
0.327593
0.326261
0.324945
0.323639
0.322339
0.321039
0.319734
0.318417
0.317085
0.31573
0.314347
0.312931
0.311475
0.309974
0.308421
0.30727
0.305597
0.303853
0.302034
0.300133
0.298144
0.296062
0.29388
0.291594
0.289197
0.286683
0.284048
0.281285
0.27839
0.275357
0.27218
0.268856
0.265379
0.261744
0.257947
0.253984
0.24985
0.245541
0.241053
0.236383
0.231526
0.226481
0.221242
0.215809
0.210177
0.204345
0.19831
0.19207
0.185623
0.178969
0.172104
0.165029
0.157743
0.150244
0.142533
0.134609
0.126474
0.118126
0.109567
0.100797
0.0918183
0.082632
0.0732394
0.0636426
0.0538439
0.0438458
0.0336507
0.0232617
0.0126819
0.00191496
-0.00903583
-0.0201665
-0.0314729
-0.0429505
-0.0545952
-0.066402
-0.0783659
-0.0904815
-0.102744
-0.115147
-0.127686
-0.140354
-0.153146
-0.166054
-0.179073
-0.192196
-0.205416
-0.218727
-0.232121
-0.245592
-0.259132
-0.272734
-0.286391
-0.300094
-0.313837
-0.327612
-0.341411
-0.355227
-0.369052
-0.382877
-0.396507
-0.410311
-0.424093
-0.437845
-0.451559
-0.465228
-0.478843
-0.492397
-0.505883
-0.519293
-0.532619
-0.545854
-0.558991
-0.572022
-0.584941
-0.59774
-0.610413
-0.622953
-0.635354
-0.647608
-0.65971
-0.671654
-0.683433
-0.695043
-0.706477
-0.71773
-0.728797
-0.739673
-0.750353
-0.760833
-0.771108
-0.781175
-0.791029
-0.800667
-0.810085
-0.81928
-0.82825
-0.836992
-0.845502
-0.85378
-0.861823
-0.86963
-0.877199
-0.884528
-0.891618
-0.898467
-0.905076
-0.911443
-0.917569
-0.923455
-0.9291
-0.934507
-0.939676
-0.944608
-0.949305
-0.953769
-0.958002
-0.962006
-0.965784
-0.969338
-0.972672
-0.975788
-0.978691
-0.981383
-0.983868
-0.986151
-0.988235
-0.990124
-0.991825
-0.993339
-0.994674
-0.995833
-0.996821
-0.997644
-0.998308
-0.998816
-0.999176
-0.999393
-0.999471
-0.999418
-0.999239
-0.998939
-0.998525
-0.998003
-0.997378
-0.996658
-0.995387
-0.994493
-0.993521
-0.992478
-0.991369
-0.9902
-0.988978
-0.987708
-0.986396
-0.985048
-0.983669
-0.982265
-0.980841
-0.979403
-0.977956
-0.976504
-0.975054
-0.973609
-0.972175
-0.970756
-0.969356
-0.967979
-0.966631
-0.965313
-0.96403
-0.962786
-0.961584
-0.960427
-0.959317
-0.958257
-0.95725
-0.956298
-0.955402
-0.954565
-0.953789
-0.953073
-0.95242
-0.95183
-0.951303
-0.95084
-0.950441
-0.950106
-0.949835
-0.949626
-0.949478
-0.949391
-0.949364
-0.949393
-0.949478
-0.949617
-0.949806
-0.950044
-0.950327
-0.950653
-0.951018
-0.951418
-0.951851
-0.952311
-0.952795
-0.953299
-0.953818
-0.954347
-0.954881
-0.955415
-0.955944
-0.956463
-0.956966
-0.957448
-0.957901
-0.958322
-0.958702
-0.959037
-0.95932
-0.959544
-0.959703
-0.95979
-0.959799
-0.959724
-0.959556
-0.95929
-0.958918
-0.958435
-0.957832
-0.957103
-0.956242
-0.955241
-0.954093
-0.952792
-0.951332
-0.949704
-0.947904
-0.945924
-0.943757
-0.941398
-0.938841
-0.936078
-0.933105
-0.929915
-0.926502
-0.922862
-0.918988
-0.914876
-0.91052
-0.905915
-0.901057
-0.895941
-0.890563
-0.88492
-0.879006
-0.872819
-0.866355
-0.85961
-0.852583
-0.84527
-0.837669
-0.829778
-0.821596
-0.813119
-0.804348
-0.795281
-0.785917
-0.776256
-0.766298
-0.756043
-0.745491
-0.734642
-0.723499
-0.712061
-0.700332
-0.688311
-0.676003
-0.663409
-0.650531
-0.637374
-0.623939
-0.610231
-0.596254
-0.582012
-0.567509
-0.552749
-0.537739
-0.522483
-0.506986
-0.491254
-0.475294
-0.459111
-0.442712
-0.426103
-0.409292
-0.392286
-0.375092
-0.357717
-0.340169
-0.322457
-0.304588
-0.28657
-0.268412
-0.250123
-0.231711
-0.213184
-0.194553
-0.175826
-0.157012
-0.13812
-0.119161
-0.100142
-0.0810748
-0.0619673
-0.04283
-0.023672
-0
-0
0
