0 length 2970;
0 note 83 101;
0 note 80 101;
14 note 77 100;
179 note 79 100;
915 note 77 100;
929 knob2 0.971652;
959 knob2 0.899316;
1004 knob2 0.872923;
1034 knob2 0.86608;
1079 knob2 0.86999;
1109 knob2 0.956989;
1154 knob2 1;
1230 note 81 100;
1469 knob3 0.328446;
1499 knob3 0.372434;
1529 knob3 0.451613;
1559 knob3 0.529814;
1604 knob3 0.554252;
1649 knob3 0.560117;
1755 note 83 100;
1799 knob3 0.538612;
1844 knob3 0.460411;
1874 knob3 0.416422;
1904 knob3 0.40567;
1949 knob3 0.402737;
2054 knob2 0.989247;
2099 knob2 0.949169;
2114 knob2 0.916911;
2144 knob2 0.847507;
2174 knob2 0.766373;
2175 note 60 100;
2219 knob2 0.679374;
2249 knob2 0.642229;
2264 knob2 0.633431;
2265 note 65 100;
2414 knob2 0.630499;
2444 knob2 0.618768;
2460 note 81 0;
2474 knob2 0.585533;
2475 note 77 0;
2475 note 83 0;
2475 note 74 0;
2504 knob2 0.524927;
2549 knob2 0.427175;
2579 knob2 0.374389;
2594 knob2 0.360704;
2624 knob2 0.357771;
2655 note 81 100;
2670 note 71 100;
2685 note 76 100;
2715 note 77 100;
2805 note 60 0;
2820 note 65 0;
2849 note 83 0;
2864 note 83 100;
2864 note 83 0;
2864 note 83 100;
2864 note 83 0;
2864 note 83 100;
2864 note 83 0;
2879 note 83 100;
2879 note 83 0;
2880 note 77 0;
2895 note 71 0;
2910 note 76 0;
2924 knob3 0.414467;
2969 knob3 0.497556;
