0
0.00613589
0.0122715
0.0184067
0.0245412
0.0306748
0.0368073
0.0429383
0.0490677
0.0551953
0.0613208
0.067444
0.0735646
0.0796825
0.0857974
0.091909
0.0980172
0.104122
0.110222
0.116319
0.122411
0.128498
0.134581
0.140658
0.146731
0.152797
0.158858
0.164913
0.170962
0.177004
0.18304
0.189069
0.19509
0.201105
0.207112
0.21311
0.219101
0.225084
0.231058
0.237024
0.24298
0.248928
0.254866
0.260794
0.266713
0.272622
0.27852
0.284408
0.290285
0.296151
0.302006
0.30785
0.313682
0.319502
0.32531
0.331107
0.33689
0.342661
0.348419
0.354164
0.359895
0.365613
0.371317
0.377008
0.382684
0.388345
0.393992
0.399624
0.405242
0.410843
0.41643
0.422001
0.427555
0.433094
0.438617
0.444122
0.449612
0.455084
0.460539
0.465977
0.471397
0.4768
0.482184
0.48755
0.492899
0.498228
0.503539
0.50883
0.514103
0.519356
0.52459
0.529804
0.534998
0.540172
0.545325
0.550458
0.555571
0.560662
0.565732
0.570781
0.575809
0.580814
0.585798
0.59076
0.5957
0.600617
0.605511
0.610383
0.615232
0.620058
0.62486
0.629639
0.634394
0.639125
0.643832
0.648515
0.653173
0.657807
0.662416
0.667
0.671559
0.676093
0.680601
0.685084
0.689541
0.693972
0.698377
0.702755
0.707107
0.711433
0.715731
0.720003
0.724248
0.728465
0.732655
0.736817
0.740951
0.745058
0.749137
0.753187
0.757209
0.761203
0.765168
0.769104
0.773011
0.776889
0.780738
0.784557
0.788347
0.792107
0.795837
0.799538
0.803208
0.806848
0.810458
0.814037
0.817585
0.821103
0.82459
0.828045
0.83147
0.834863
0.838225
0.841555
0.844854
0.848121
0.851356
0.854558
0.857729
0.860867
0.863973
0.867047
0.870087
0.873095
0.87607
0.879013
0.881922
0.884797
0.88764
0.890449
0.893225
0.895967
0.898675
0.901349
0.90399
0.906596
0.909168
0.911706
0.91421
0.916679
0.919114
0.921514
0.92388
0.926211
0.928506
0.930767
0.932993
0.935184
0.937339
0.93946
0.941544
0.943594
0.945608
0.947586
0.949529
0.951435
0.953306
0.955141
0.956941
0.958704
0.960431
0.962122
0.963776
0.965395
0.966977
0.968522
0.970031
0.971504
0.97294
0.97434
0.975702
0.977028
0.978318
0.97957
0.980785
0.981964
0.983106
0.98421
0.985278
0.986308
0.987302
0.988258
0.989177
0.990058
0.990903
0.99171
0.99248
0.993212
0.993907
0.994565
0.995185
0.995768
0.996313
0.99682
0.997291
0.997723
0.998118
0.998476
0.998796
0.999078
0.999322
0.999529
0.999699
0.999831
0.999925
0.999981
1
0.999981
0.999925
0.999831
0.999699
0.999529
0.999322
0.999078
0.998795
0.998475
0.998118
0.997723
0.99729
0.99682
0.996312
0.995767
0.995185
0.994564
0.993907
0.993212
0.992479
0.99171
0.990902
0.990058
0.989176
0.988257
0.987301
0.986308
0.985277
0.98421
0.983105
0.981964
0.980785
0.979569
0.978317
0.977028
0.975702
0.974339
0.97294
0.971504
0.970031
0.968522
0.966976
0.965394
0.963776
0.962121
0.96043
0.958703
0.95694
0.955141
0.953306
0.951435
0.949528
0.947585
0.945607
0.943593
0.941544
0.939459
0.937338
0.935183
0.932992
0.930766
0.928506
0.92621
0.923879
0.921513
0.919113
0.916678
0.914209
0.911705
0.909167
0.906595
0.903989
0.901348
0.898674
0.895966
0.893224
0.890448
0.887639
0.884796
0.881921
0.879011
0.876069
0.873094
0.870086
0.867046
0.863972
0.860866
0.857728
0.854557
0.851354
0.84812
0.844853
0.841554
0.838224
0.834862
0.831469
0.828044
0.824588
0.821102
0.817584
0.814035
0.810456
0.806847
0.803207
0.799536
0.795836
0.792106
0.788345
0.784556
0.780736
0.776887
0.773009
0.769102
0.765166
0.761201
0.757208
0.753186
0.749135
0.745057
0.74095
0.736816
0.732653
0.728463
0.724246
0.720001
0.71573
0.711431
0.707106
0.702754
0.698375
0.69397
0.689539
0.685082
0.6806
0.676091
0.671558
0.666999
0.662415
0.657805
0.653172
0.648513
0.64383
0.639123
0.634392
0.629637
0.624858
0.620056
0.61523
0.610381
0.60551
0.600615
0.595698
0.590758
0.585796
0.580812
0.575807
0.570779
0.56573
0.56066
0.555569
0.550457
0.545323
0.54017
0.534996
0.529802
0.524588
0.519354
0.514101
0.508829
0.503537
0.498226
0.492896
0.487548
0.482182
0.476798
0.471395
0.465975
0.460537
0.455082
0.44961
0.44412
0.438615
0.433092
0.427553
0.421999
0.416428
0.410841
0.405239
0.399622
0.39399
0.388343
0.382682
0.377006
0.371315
0.365611
0.359893
0.354162
0.348417
0.342659
0.336888
0.331104
0.325308
0.3195
0.31368
0.307848
0.302004
0.296149
0.290283
0.284405
0.278518
0.27262
0.266711
0.260792
0.254864
0.248926
0.242978
0.237022
0.231056
0.225082
0.219099
0.213108
0.207109
0.201103
0.195088
0.189067
0.183038
0.177002
0.17096
0.164911
0.158856
0.152795
0.146728
0.140656
0.134579
0.128496
0.122409
0.116317
0.11022
0.104119
0.098015
0.0919068
0.0857951
0.0796802
0.0735623
0.0674416
0.0613184
0.0551932
0.0490656
0.0429361
0.0368051
0.0306727
0.0245391
0.0184045
0.0122693
0.00613367
0
0
0
0
0
0
0
0
0
0
0
0
0
0
0
0
0
0
0
0
0
0
0
0
0
0
0
0
0
0
0
0
0
0
0
0
0
0
0
0
0
0
0
0
0
0
0
0
0
0
0
0
0
0
0
0
0
0
0
0
0
0
0
0
0
0
0
0
0
0
0
0
0
0
0
0
0
0
0
0
0
0
0
0
0
0
0
0
0
0
0
0
0
0
0
0
0
0
0
0
0
0
0
0
0
0
0
0
0
0
0
0
0
0
0
0
0
0
0
0
0
0
0
0
0
0
0
0
0
0
0
0
0
0
0
0
0
0
0
0
0
0
0
0
0
0
0
0
0
0
0
0
0
0
0
0
0
0
0
0
0
0
0
0
0
0
0
0
0
0
0
0
0
0
0
0
0
0
0
0
0
0
0
0
0
0
0
0
0
0
0
0
0
0
0
0
0
0
0
0
0
0
0
0
0
0
0
0
0
0
0
0
0
0
0
0
0
0
0
0
0
0
0
0
0
0
0
0
0
0
0
0
0
0
0
0
0
0
0
0
0
0
0
0
0
0
0
0
0
0
0
0
0
0
0
0
0
0
0
0
0
0
0
0
0
0
0
0
0
0
0
0
0
0
0
0
0
0
0
0
0
0
0
0
0
0
0
0
0
0
0
0
0
0
0
0
0
0
0
0
0
0
0
0
0
0
0
0
0
0
0
0
0
0
0
0
0
0
0
0
0
0
0
0
0
0
0
0
0
0
0
0
0
0
0
0
0
0
0
0
0
0
0
0
0
0
0
0
0
0
0
0
0
0
0
0
0
0
0
0
0
0
0
0
0
0
0
0
0
0
0
0
0
0
0
0
0
0
0
0
0
0
0
0
0
0
0
0
0
0
0
0
0
0
0
0
0
0
0
0
0
0
0
0
0
0
0
0
0
0
0
0
0
0
0
0
0
0
0
0
0
0
0
0
0
0
0
0
0
0
0
0
0
0
0
0
0
0
0
0
0
0
0
0
0
0
0
0
0
0
0
0
0
0
0
0
0
0
0
0
0
0
0
0
0
0
0
0
0
0
0
0
0
0
0
0
0
0
0
0
0
0
0
0
0
0
0
0
0
0
0
0
0
0
0
0
0
0
0
0
0
0
0
0
0
0
0
0
0
0
0
0
0
0.00613589
0.0122715
