-0.133386
0
0.133386
0.191549
0.212084
0.245543
0.275264
0.2906
0.310996
0.333171
0.34629
0.360841
0.378807
0.390799
0.402037
0.417008
0.428325
0.437546
0.45014
0.460945
0.468943
0.479567
0.489874
0.497171
0.506154
0.515903
0.522844
0.530488
0.539591
0.546385
0.552978
0.561351
0.568101
0.573919
0.581506
0.58823
0.593524
0.600308
0.606964
0.611949
0.617961
0.624465
0.629311
0.634624
0.640877
0.645699
0.650423
0.656326
0.661187
0.665453
0.670929
0.675838
0.679787
0.684786
0.689711
0.693476
0.697986
0.702863
0.706557
0.710605
0.715353
0.719059
0.722704
0.727239
0.731003
0.734328
0.738581
0.74241
0.745513
0.749433
0.753303
0.75628
0.759847
0.763708
0.766644
0.769867
0.773652
0.776614
0.779532
0.783171
0.786194
0.788868
0.792299
0.795391
0.797894
0.801072
0.804214
0.806624
0.809525
0.812675
0.81506
0.817688
0.82079
0.823205
0.825587
0.828581
0.831057
0.833242
0.836072
0.838617
0.840663
0.843289
0.845886
0.847858
0.850256
0.85287
0.854828
0.856998
0.85958
0.861569
0.863532
0.86603
0.868079
0.869875
0.872238
0.874354
0.876033
0.878224
0.880392
0.88201
0.884007
0.886197
0.887806
0.889606
0.891774
0.893416
0.895036
0.897135
0.898834
0.900308
0.902293
0.904057
0.90543
0.907265
0.909081
0.910401
0.912065
0.913906
0.915221
0.916711
0.918537
0.919885
0.921214
0.922982
0.924385
0.925584
0.927251
0.928717
0.929825
0.931359
0.932876
0.933939
0.935319
0.936863
0.937922
0.939144
0.940678
0.94177
0.942846
0.944329
0.945475
0.946432
0.947825
0.949031
0.949906
0.951177
0.952435
0.953268
0.954398
0.955683
0.956515
0.9575
0.958778
0.959641
0.960491
0.961724
0.96264
0.963379
0.96453
0.965505
0.966167
0.967205
0.96823
0.968855
0.969761
0.970814
0.971439
0.972208
0.973257
0.973913
0.974555
0.975564
0.97627
0.976808
0.97774
0.978504
0.97897
0.979796
0.980609
0.981039
0.981741
0.982583
0.983013
0.983584
0.984424
0.984886
0.985335
0.986137
0.986649
0.986998
0.987728
0.988296
0.988576
0.989205
0.989822
0.990068
0.990577
0.991223
0.99147
0.991853
0.992498
0.992776
0.993042
0.993651
0.993978
0.994147
0.994687
0.995069
0.995171
0.995613
0.996044
0.996112
0.996438
0.996898
0.996968
0.997171
0.997631
0.99773
0.997818
0.998245
0.998393
0.998385
0.998744
0.998948
0.998874
0.999136
0.999388
0.999282
0.99943
0.999711
0.999605
0.999632
0.999914
0.999838
0.999751
1
0.999972
0.99979
0.999972
1
0.999751
0.999838
0.999914
0.999632
0.999605
0.999711
0.99943
0.999282
0.999388
0.999137
0.998874
0.998948
0.998744
0.998385
0.998393
0.998245
0.997818
0.99773
0.997631
0.997171
0.996968
0.996898
0.996438
0.996112
0.996044
0.995613
0.995171
0.99507
0.994687
0.994147
0.993978
0.993652
0.993042
0.992776
0.992499
0.991854
0.99147
0.991223
0.990577
0.990068
0.989822
0.989205
0.988576
0.988297
0.987728
0.986998
0.986649
0.986138
0.985335
0.984886
0.984424
0.983585
0.983014
0.982583
0.981741
0.98104
0.98061
0.979796
0.97897
0.978504
0.97774
0.976808
0.97627
0.975564
0.974556
0.973913
0.973258
0.972209
0.971439
0.970815
0.969762
0.968855
0.968231
0.967206
0.966167
0.965505
0.96453
0.963379
0.96264
0.961724
0.960491
0.959642
0.958778
0.9575
0.956515
0.955683
0.954399
0.953268
0.952435
0.951178
0.949906
0.949032
0.947826
0.946432
0.945475
0.94433
0.942847
0.94177
0.940679
0.939145
0.937923
0.936863
0.93532
0.93394
0.932877
0.93136
0.929826
0.928717
0.927252
0.925584
0.924385
0.922982
0.921215
0.919885
0.918538
0.916712
0.915222
0.913907
0.912066
0.910402
0.909081
0.907265
0.90543
0.904058
0.902294
0.900309
0.898835
0.897136
0.895037
0.893416
0.891775
0.889606
0.887807
0.886198
0.884008
0.882011
0.880393
0.878225
0.876034
0.874354
0.872239
0.869875
0.86808
0.866031
0.863533
0.86157
0.859581
0.856999
0.854828
0.852871
0.850257
0.847859
0.845887
0.84329
0.840664
0.838618
0.836073
0.833243
0.831058
0.828582
0.825589
0.823206
0.820791
0.81769
0.815061
0.812676
0.809526
0.806625
0.804215
0.801074
0.797896
0.795392
0.792301
0.788869
0.786195
0.783173
0.779533
0.776615
0.773654
0.769869
0.766646
0.763709
0.759848
0.756282
0.753305
0.749435
0.745515
0.742412
0.738583
0.73433
0.731004
0.727241
0.722706
0.71906
0.715355
0.710607
0.706559
0.702865
0.697988
0.693478
0.689712
0.684788
0.679789
0.67584
0.670931
0.665455
0.661189
0.656329
0.650425
0.645701
0.640879
0.634626
0.629313
0.624467
0.617964
0.611951
0.606966
0.600311
0.593527
0.588232
0.581509
0.573922
0.568103
0.561355
0.552982
0.546387
0.539594
0.530492
0.522847
0.515907
0.506159
0.497174
0.489878
0.479572
0.468947
0.460949
0.450146
0.43755
0.428329
0.417015
0.402043
0.390803
0.378814
0.360848
0.346295
0.333179
0.311006
0.290606
0.275272
0.245559
0.212095
0.191561
0.133429
6.6042e-05
-0.133343
-0.191538
-0.212074
-0.245527
-0.275255
-0.290593
-0.310985
-0.333164
-0.346285
-0.360833
-0.3788
-0.390795
-0.402031
-0.417002
-0.428321
-0.437541
-0.450135
-0.460942
-0.468939
-0.479562
-0.489871
-0.497168
-0.50615
-0.5159
-0.522842
-0.530484
-0.539587
-0.546382
-0.552975
-0.561348
-0.568098
-0.573917
-0.581502
-0.588227
-0.593522
-0.600305
-0.606961
-0.611947
-0.617958
-0.624462
-0.629309
-0.634621
-0.640874
-0.645697
-0.65042
-0.656324
-0.661185
-0.665451
-0.670926
-0.675836
-0.679785
-0.684783
-0.689709
-0.693474
-0.697984
-0.702861
-0.706556
-0.710603
-0.715351
-0.719058
-0.722702
-0.727237
-0.731002
-0.734327
-0.738579
-0.742409
-0.745512
-0.749431
-0.753302
-0.756279
-0.759845
-0.763706
-0.766643
-0.769866
-0.773651
-0.776612
-0.77953
-0.78317
-0.786193
-0.788866
-0.792297
-0.79539
-0.797893
-0.801071
-0.804213
-0.806623
-0.809524
-0.812674
-0.815059
-0.817687
-0.820789
-0.823204
-0.825586
-0.82858
-0.831056
-0.833241
-0.836071
-0.838616
-0.840662
-0.843287
-0.845885
-0.847857
-0.850255
-0.852869
-0.854827
-0.856996
-0.859579
-0.861569
-0.863531
-0.866029
-0.868078
-0.869874
-0.872237
-0.874353
-0.876032
-0.878223
-0.880391
-0.88201
-0.884006
-0.886196
-0.887805
-0.889605
-0.891774
-0.893415
-0.895035
-0.897134
-0.898834
-0.900308
-0.902293
-0.904056
-0.905429
-0.907264
-0.90908
-0.910401
-0.912064
-0.913905
-0.915221
-0.91671
-0.918536
-0.919884
-0.921213
-0.922981
-0.924384
-0.925583
-0.92725
-0.928716
-0.929825
-0.931358
-0.932876
-0.933939
-0.935318
-0.936862
-0.937922
-0.939144
-0.940677
-0.94177
-0.942845
-0.944329
-0.945475
-0.946431
-0.947825
-0.949031
-0.949905
-0.951177
-0.952434
-0.953268
-0.954398
-0.955682
-0.956515
-0.957499
-0.958777
-0.959641
-0.96049
-0.961723
-0.96264
-0.963378
-0.964529
-0.965504
-0.966167
-0.967205
-0.96823
-0.968854
-0.969761
-0.970814
-0.971438
-0.972208
-0.973257
-0.973913
-0.974555
-0.975563
-0.97627
-0.976808
-0.97774
-0.978504
-0.97897
-0.979795
-0.980609
-0.981039
-0.98174
-0.982582
-0.983013
-0.983584
-0.984424
-0.984886
-0.985335
-0.986137
-0.986649
-0.986998
-0.987728
-0.988296
-0.988576
-0.989205
-0.989822
-0.990068
-0.990577
-0.991223
-0.99147
-0.991853
-0.992498
-0.992776
-0.993041
-0.993651
-0.993978
-0.994146
-0.994687
-0.995069
-0.99517
-0.995613
-0.996044
-0.996112
-0.996438
-0.996898
-0.996968
-0.997171
-0.997631
-0.99773
-0.997818
-0.998245
-0.998393
-0.998385
-0.998744
-0.998948
-0.998873
-0.999136
-0.999388
-0.999282
-0.99943
-0.999711
-0.999605
-0.999632
-0.999914
-0.999838
-0.999751
-1
-0.999972
-0.99979
-0.999972
-1
-0.999751
-0.999838
-0.999914
-0.999633
-0.999605
-0.999711
-0.99943
-0.999282
-0.999388
-0.999137
-0.998874
-0.998948
-0.998744
-0.998385
-0.998393
-0.998245
-0.997819
-0.99773
-0.997631
-0.997171
-0.996968
-0.996899
-0.996439
-0.996112
-0.996044
-0.995613
-0.995171
-0.99507
-0.994687
-0.994147
-0.993978
-0.993652
-0.993042
-0.992776
-0.992499
-0.991854
-0.99147
-0.991223
-0.990578
-0.990068
-0.989823
-0.989206
-0.988577
-0.988297
-0.987729
-0.986999
-0.986649
-0.986138
-0.985336
-0.984886
-0.984425
-0.983585
-0.983014
-0.982583
-0.981741
-0.98104
-0.98061
-0.979796
-0.97897
-0.978505
-0.977741
-0.976809
-0.976271
-0.975564
-0.974556
-0.973913
-0.973258
-0.972209
-0.971439
-0.970815
-0.969762
-0.968855
-0.968231
-0.967206
-0.966168
-0.965505
-0.964531
-0.96338
-0.962641
-0.961725
-0.960492
-0.959642
-0.958779
-0.957501
-0.956516
-0.955684
-0.9544
-0.953269
-0.952435
-0.951179
-0.949907
-0.949032
-0.947826
-0.946433
-0.945476
-0.94433
-0.942847
-0.941771
-0.940679
-0.939146
-0.937923
-0.936864
-0.93532
-0.93394
-0.932877
-0.93136
-0.929826
-0.928718
-0.927253
-0.925585
-0.924386
-0.922983
-0.921215
-0.919886
-0.918538
-0.916712
-0.915222
-0.913907
-0.912067
-0.910402
-0.909082
-0.907266
-0.905431
-0.904058
-0.902295
-0.90031
-0.898836
-0.897137
-0.895037
-0.893417
-0.891776
-0.889607
-0.887807
-0.886198
-0.884009
-0.882012
-0.880394
-0.878226
-0.876034
-0.874355
-0.87224
-0.869876
-0.86808
-0.866032
-0.863534
-0.861571
-0.859582
-0.857
-0.854829
-0.852872
-0.850258
-0.84786
-0.845888
-0.843291
-0.840665
-0.838619
-0.836075
-0.833244
-0.831059
-0.828584
-0.82559
-0.823207
-0.820793
-0.817691
-0.815062
-0.812677
-0.809528
-0.806626
-0.804216
-0.801075
-0.797897
-0.795394
-0.792302
-0.78887
-0.786196
-0.783174
-0.779535
-0.776616
-0.773656
-0.769871
-0.766647
-0.763711
-0.75985
-0.756283
-0.753306
-0.749436
-0.745516
-0.742413
-0.738584
-0.734332
-0.731006
-0.727243
-0.722707
-0.719062
-0.715357
-0.710609
-0.70656
-0.702866
-0.69799
-0.693479
-0.689714
-0.68479
-0.679791
-0.675842
-0.670933
-0.665457
-0.661191
-0.656331
-0.650427
-0.645703
-0.640882
-0.634629
-0.629315
-0.62447
-0.617967
-0.611953
-0.606968
-0.600315
-0.593529
-0.588234
-0.581512
-0.573925
-0.568106
-0.561358
-0.552985
-0.54639
-0.539598
-0.530496
-0.52285
-0.515911
-0.506163
-0.497178
-0.489881
-0.479577
-0.46895
-0.460953
-0.450152
-0.437555
-0.428333
-0.417021
-0.402048
-0.390807
-0.378821
-0.360856
-0.3463
-0.333186
-0.311017
-0.290613
-0.275281
-0.245576
-0.212106
-0.191572
-0.133471
-0.000132084
0.133301
