-0.171936
0
0.171936
0.251573
0.283866
0.330126
0.370842
0.393726
0.422185
0.452118
0.470851
0.491133
0.515044
0.53149
0.547012
0.56669
0.58167
0.594178
0.610542
0.624426
0.634986
0.648625
0.661548
0.670865
0.682235
0.694212
0.702761
0.712258
0.723245
0.731329
0.739321
0.749261
0.757053
0.763883
0.772737
0.780305
0.786283
0.794047
0.801382
0.806781
0.813494
0.820531
0.825571
0.831319
0.837968
0.84281
0.847717
0.853879
0.858624
0.86284
0.868432
0.87312
0.87681
0.881774
0.886395
0.88972
0.894035
0.898538
0.901641
0.905328
0.909638
0.91263
0.915747
0.919777
0.922733
0.925366
0.929038
0.931993
0.934248
0.937499
0.940447
0.942437
0.945234
0.948137
0.949968
0.952308
0.955106
0.956865
0.958778
0.961399
0.963148
0.96469
0.967065
0.968833
0.970081
0.972151
0.973939
0.974978
0.976706
0.978485
0.979399
0.980773
0.982495
0.983357
0.984391
0.985996
0.986859
0.987593
0.989019
0.989911
0.990404
0.991597
0.992522
0.992842
0.993765
0.994702
0.994917
0.995554
0.996463
0.996637
0.996994
0.997823
0.998003
0.998109
0.998803
0.999017
0.998917
0.999429
0.999681
0.999432
0.999724
1
0.999661
0.999715
0.999981
0.999607
0.999424
0.999637
0.99927
0.998871
0.998981
0.99865
0.99807
0.998034
0.997745
0.997033
0.996814
0.996556
0.995763
0.995342
0.995087
0.994264
0.993638
0.993348
0.992533
0.991716
0.991348
0.990567
0.98959
0.989102
0.988365
0.987269
0.986627
0.985926
0.984756
0.983939
0.983251
0.982052
0.981055
0.980346
0.979155
0.977988
0.977219
0.976062
0.97475
0.973881
0.972768
0.971347
0.970347
0.969273
0.967784
0.966631
0.965577
0.96406
0.962747
0.961682
0.960172
0.958706
0.957596
0.956118
0.95452
0.953328
0.951894
0.950194
0.948889
0.947495
0.945731
0.944291
0.942923
0.941132
0.939548
0.938178
0.936393
0.93467
0.933266
0.931512
0.929666
0.928194
0.926483
0.924542
0.922972
0.921304
0.919301
0.917612
0.915972
0.913943
0.912124
0.910489
0.908466
0.906518
0.904859
0.902864
0.900803
0.899088
0.897135
0.894984
0.893184
0.891275
0.889064
0.887158
0.88528
0.883044
0.881018
0.879152
0.876919
0.874776
0.872893
0.870688
0.868437
0.866509
0.864344
0.862009
0.860006
0.857885
0.855493
0.853395
0.851308
0.848889
0.846683
0.844612
0.842196
0.83988
0.8378
0.835409
0.832992
0.830875
0.828524
0.826026
0.823845
0.821537
0.818984
0.816716
0.814445
0.811865
0.809499
0.807248
0.804668
0.8022
0.799946
0.79739
0.794827
0.792543
0.790026
0.787384
0.785045
0.782572
0.779876
0.777459
0.775024
0.772301
0.769793
0.767382
0.764658
0.762055
0.759646
0.756944
0.754251
0.751819
0.749155
0.746386
0.743906
0.741285
0.738463
0.735913
0.733333
0.730483
0.727849
0.725295
0.722444
0.71972
0.717173
0.714342
0.711533
0.708969
0.706174
0.703293
0.700688
0.697936
0.695002
0.692334
0.689624
0.686661
0.683916
0.681235
0.67827
0.67544
0.672771
0.669824
0.666913
0.664232
0.66132
0.658338
0.655622
0.652754
0.64972
0.646948
0.644121
0.641059
0.638215
0.635421
0.632354
0.629431
0.626652
0.623602
0.620601
0.617815
0.6148
0.61173
0.608915
0.605942
0.602822
0.599956
0.597026
0.593876
0.590945
0.588049
0.584893
0.581887
0.57901
0.57587
0.572789
0.56991
0.566802
0.563655
0.560753
0.557687
0.554489
0.551542
0.54852
0.545292
0.542284
0.539298
0.536063
0.532984
0.530021
0.5268
0.523649
0.520688
0.517499
0.514284
0.511304
0.508156
0.504891
0.501871
0.498768
0.495472
0.492396
0.489331
0.486027
0.482884
0.479844
0.476552
0.473341
0.470308
0.467046
0.463772
0.460725
0.457504
0.454181
0.451098
0.447922
0.444568
0.441433
0.438297
0.434933
0.431736
0.428628
0.425275
0.422012
0.418915
0.41559
0.412266
0.409159
0.405875
0.402501
0.399364
0.396125
0.39272
0.389535
0.386338
0.382921
0.379678
0.376511
0.373105
0.369797
0.366645
0.363266
0.359899
0.356741
0.353402
0.349986
0.346802
0.343509
0.340061
0.336834
0.333583
0.330123
0.32684
0.323623
0.320171
0.316827
0.313628
0.310202
0.3068
0.303599
0.300212
0.296762
0.293539
0.290199
0.286715
0.283453
0.280157
0.27666
0.273346
0.270086
0.266595
0.263223
0.259984
0.256519
0.253089
0.249852
0.246426
0.242947
0.239693
0.236313
0.232801
0.229512
0.226178
0.222651
0.219313
0.216017
0.212496
0.209101
0.205829
0.202332
0.198881
0.195616
0.192157
0.188658
0.18538
0.181967
0.178434
0.175124
0.171759
0.16821
0.164853
0.161529
0.157984
0.154573
0.151277
0.147755
0.144289
0.141002
0.137518
0.134005
0.130708
0.127271
0.123723
0.120398
0.11701
0.113445
0.110077
0.106731
0.103169
0.0997498
0.0964342
0.0928939
0.0894212
0.0861191
0.0826161
0.0790957
0.0757878
0.0723318
0.068776
0.0654438
0.0620375
0.0584635
0.0550915
0.0517303
0.0481577
0.0447362
0.0414086
0.0378566
0.0343829
0.0310724
0.0275571
0.0240359
0.0207235
0.0172555
0.0136982
0.010365
0.00694797
0.00337136
1.42084e-06
-0.00336833
-0.0069449
-0.0103621
-0.0136952
-0.0172523
-0.0207206
-0.024033
-0.027554
-0.0310695
-0.03438
-0.0378535
-0.0414057
-0.0447334
-0.0481546
-0.0517273
-0.0550887
-0.0584605
-0.0620345
-0.0654409
-0.068773
-0.0723287
-0.075785
-0.0790927
-0.082613
-0.0861162
-0.0894183
-0.0928908
-0.0964313
-0.0997469
-0.103166
-0.106728
-0.110074
-0.113442
-0.117007
-0.120396
-0.12372
-0.127268
-0.130706
-0.134002
-0.137515
-0.140999
-0.144287
-0.147751
-0.151274
-0.154571
-0.157981
-0.161526
-0.16485
-0.168207
-0.171756
-0.175121
-0.178431
-0.181964
-0.185377
-0.188655
-0.192154
-0.195613
-0.198878
-0.202329
-0.205826
-0.209098
-0.212493
-0.216014
-0.21931
-0.222648
-0.226175
-0.229509
-0.232799
-0.23631
-0.23969
-0.242945
-0.246423
-0.249849
-0.253086
-0.256516
-0.259981
-0.26322
-0.266592
-0.270083
-0.273343
-0.276657
-0.280154
-0.28345
-0.286712
-0.290196
-0.293536
-0.296759
-0.300209
-0.303596
-0.306797
-0.310199
-0.313625
-0.316824
-0.320168
-0.32362
-0.326837
-0.33012
-0.33358
-0.336831
-0.340058
-0.343506
-0.3468
-0.349983
-0.353399
-0.356738
-0.359896
-0.363263
-0.366642
-0.369795
-0.373102
-0.376509
-0.379675
-0.382919
-0.386335
-0.389532
-0.392717
-0.396122
-0.399361
-0.402498
-0.405872
-0.409156
-0.412263
-0.415587
-0.418912
-0.422009
-0.425272
-0.428625
-0.431733
-0.43493
-0.438295
-0.44143
-0.444565
-0.447919
-0.451095
-0.454178
-0.457501
-0.460722
-0.46377
-0.467043
-0.470305
-0.473339
-0.47655
-0.479841
-0.482882
-0.486024
-0.489328
-0.492394
-0.495469
-0.498765
-0.501869
-0.504888
-0.508153
-0.511301
-0.514281
-0.517496
-0.520686
-0.523647
-0.526797
-0.530018
-0.532982
-0.53606
-0.539295
-0.542281
-0.545289
-0.548517
-0.551539
-0.554487
-0.557684
-0.56075
-0.563653
-0.5668
-0.569908
-0.572786
-0.575867
-0.579007
-0.581885
-0.58489
-0.588046
-0.590942
-0.593874
-0.597023
-0.599954
-0.602819
-0.60594
-0.608913
-0.611728
-0.614797
-0.617813
-0.620599
-0.6236
-0.626649
-0.629429
-0.632352
-0.635418
-0.638213
-0.641057
-0.644119
-0.646946
-0.649718
-0.652751
-0.65562
-0.658336
-0.661317
-0.664229
-0.66691
-0.669821
-0.672768
-0.675438
-0.678267
-0.681233
-0.683914
-0.686659
-0.689621
-0.692332
-0.695
-0.697934
-0.700686
-0.703291
-0.706172
-0.708967
-0.711531
-0.71434
-0.717171
-0.719718
-0.722441
-0.725293
-0.727847
-0.73048
-0.73333
-0.735911
-0.738461
-0.741283
-0.743904
-0.746383
-0.749152
-0.751816
-0.754248
-0.756942
-0.759643
-0.762052
-0.764656
-0.76738
-0.769791
-0.772299
-0.775022
-0.777457
-0.779873
-0.782569
-0.785043
-0.787382
-0.790024
-0.792541
-0.794825
-0.797388
-0.799944
-0.802198
-0.804666
-0.807246
-0.809497
-0.811863
-0.814443
-0.816715
-0.818981
-0.821535
-0.823843
-0.826024
-0.828522
-0.830873
-0.83299
-0.835407
-0.837798
-0.839878
-0.842194
-0.844611
-0.846681
-0.848887
-0.851306
-0.853393
-0.855491
-0.857883
-0.860005
-0.862007
-0.864342
-0.866507
-0.868436
-0.870686
-0.872891
-0.874774
-0.876917
-0.87915
-0.881017
-0.883042
-0.885278
-0.887156
-0.889063
-0.891273
-0.893183
-0.894983
-0.897133
-0.899086
-0.900802
-0.902862
-0.904858
-0.906517
-0.908464
-0.910488
-0.912122
-0.913941
-0.91597
-0.917611
-0.9193
-0.921302
-0.922971
-0.924541
-0.926481
-0.928193
-0.929665
-0.93151
-0.933265
-0.934669
-0.936392
-0.938177
-0.939547
-0.94113
-0.942922
-0.94429
-0.94573
-0.947494
-0.948888
-0.950193
-0.951892
-0.953327
-0.954519
-0.956117
-0.957595
-0.958705
-0.960171
-0.961681
-0.962746
-0.964058
-0.965576
-0.96663
-0.967782
-0.969272
-0.970347
-0.971346
-0.972767
-0.973881
-0.974749
-0.976061
-0.977218
-0.977987
-0.979154
-0.980345
-0.981054
-0.982051
-0.98325
-0.983939
-0.984755
-0.985925
-0.986626
-0.987268
-0.988364
-0.989102
-0.98959
-0.990567
-0.991347
-0.991716
-0.992532
-0.993347
-0.993637
-0.994263
-0.995087
-0.995342
-0.995763
-0.996555
-0.996814
-0.997032
-0.997744
-0.998034
-0.99807
-0.998649
-0.998981
-0.998871
-0.99927
-0.999637
-0.999424
-0.999607
-0.999981
-0.999715
-0.99966
-1
-0.999725
-0.999432
-0.999681
-0.999429
-0.998917
-0.999017
-0.998804
-0.998109
-0.998002
-0.997823
-0.996995
-0.996637
-0.996463
-0.995555
-0.994917
-0.994702
-0.993766
-0.992842
-0.992523
-0.991599
-0.990405
-0.989912
-0.98902
-0.987594
-0.986859
-0.985997
-0.984392
-0.983357
-0.982496
-0.980774
-0.9794
-0.978486
-0.976707
-0.974979
-0.97394
-0.972153
-0.970083
-0.968834
-0.967067
-0.964692
-0.963149
-0.961401
-0.95878
-0.956866
-0.955108
-0.952311
-0.94997
-0.948139
-0.945237
-0.942439
-0.940449
-0.937502
-0.93425
-0.931995
-0.929041
-0.925369
-0.922736
-0.91978
-0.91575
-0.912632
-0.909641
-0.905332
-0.901643
-0.898542
-0.89404
-0.889723
-0.886398
-0.881778
-0.876814
-0.873123
-0.868437
-0.862845
-0.858627
-0.853884
-0.847722
-0.842814
-0.837973
-0.831325
-0.825575
-0.820536
-0.8135
-0.806785
-0.801387
-0.794054
-0.786289
-0.78031
-0.772744
-0.763889
-0.757059
-0.749269
-0.739329
-0.731335
-0.723253
-0.712268
-0.702768
-0.694221
-0.682247
-0.670874
-0.661557
-0.648638
-0.634996
-0.624435
-0.610556
-0.594191
-0.581681
-0.566706
-0.547028
-0.531502
-0.515062
-0.491154
-0.470865
-0.452139
-0.422213
-0.393746
-0.370867
-0.33017
-0.283898
-0.251608
-0.172048
-0.000169154
0.171824
