-0.00390754
0
0.00390754
0.0078252
0.0117351
0.0156408
0.0195575
0.02347
0.0273747
0.0312896
0.0352045
0.0391092
0.0430217
0.0469384
0.0508441
0.054754
0.0586717
0.0625792
0.0664867
0.0704044
0.0743143
0.07822
0.0821367
0.0860492
0.0899539
0.0938688
0.0977837
0.101688
0.105601
0.109518
0.113423
0.117333
0.121251
0.125158
0.129066
0.132984
0.136894
0.140799
0.144716
0.148628
0.152533
0.156448
0.160363
0.164268
0.16818
0.172097
0.176002
0.179912
0.18383
0.187738
0.191645
0.195563
0.199473
0.203378
0.207295
0.211208
0.215112
0.219027
0.222942
0.226847
0.230759
0.234676
0.238582
0.242491
0.24641
0.250317
0.254224
0.258142
0.262052
0.265957
0.269874
0.273787
0.277691
0.281606
0.285522
0.289426
0.293338
0.297256
0.301161
0.30507
0.308989
0.312896
0.316803
0.320722
0.324631
0.328536
0.332454
0.336366
0.34027
0.344186
0.348101
0.352005
0.355917
0.359835
0.36374
0.367649
0.371568
0.375475
0.379382
0.383301
0.387211
0.391115
0.395033
0.398946
0.402849
0.406765
0.410681
0.414584
0.418497
0.422415
0.426319
0.430228
0.434148
0.438054
0.441961
0.445881
0.44979
0.453694
0.457612
0.461525
0.465428
0.469344
0.47326
0.477163
0.481076
0.484994
0.488898
0.492807
0.496728
0.500634
0.50454
0.50846
0.512369
0.516273
0.520192
0.524105
0.528007
0.531923
0.53584
0.539741
0.543655
0.547574
0.551477
0.555386
0.559307
0.563213
0.567118
0.57104
0.574949
0.578851
0.582771
0.586685
0.590585
0.594503
0.59842
0.60232
0.606233
0.610154
0.614056
0.617965
0.621887
0.625792
0.629697
0.63362
0.637528
0.641429
0.645351
0.649265
0.653163
0.657082
0.661
0.664898
0.668812
0.672734
0.676634
0.680543
0.684468
0.688371
0.692275
0.6962
0.700108
0.704007
0.707931
0.711845
0.715741
0.719661
0.723581
0.727476
0.731391
0.735315
0.739213
0.743121
0.747049
0.75095
0.754852
0.758781
0.762688
0.766584
0.770511
0.774426
0.778318
0.78224
0.786162
0.790054
0.793969
0.797898
0.801791
0.805698
0.809631
0.813529
0.817428
0.821362
0.825269
0.82916
0.833092
0.837008
0.840893
0.84482
0.848746
0.852629
0.856547
0.860482
0.864368
0.868273
0.872216
0.876108
0.880001
0.883947
0.88785
0.891731
0.895675
0.899593
0.903463
0.9074
0.911335
0.915199
0.919122
0.923076
0.92694
0.930842
0.934813
0.938686
0.942561
0.946545
0.950437
0.95428
0.958271
0.962196
0.965998
0.969988
0.973967
0.977715
0.981686
0.985772
0.989408
0.993341
0.997797
1
0.997799
0.993343
0.98941
0.985773
0.981688
0.977717
0.973969
0.969989
0.966
0.962197
0.958273
0.954281
0.950439
0.946547
0.942563
0.938687
0.934814
0.930844
0.926942
0.923077
0.919123
0.915201
0.911337
0.907401
0.903465
0.899595
0.895677
0.891732
0.887852
0.883949
0.880003
0.87611
0.872218
0.868275
0.864369
0.860484
0.856548
0.852631
0.848747
0.844821
0.840895
0.837009
0.833093
0.829161
0.82527
0.821364
0.81743
0.813531
0.809633
0.8057
0.801793
0.797899
0.793971
0.790055
0.786164
0.782242
0.77832
0.774427
0.770513
0.766586
0.76269
0.758782
0.754854
0.750952
0.74705
0.743123
0.739215
0.735317
0.731393
0.727478
0.723582
0.719663
0.715743
0.711846
0.707932
0.704009
0.70011
0.696202
0.692276
0.688373
0.684469
0.680545
0.676636
0.672736
0.668814
0.6649
0.661002
0.657083
0.653165
0.649266
0.645353
0.641431
0.63753
0.633621
0.629698
0.625794
0.621889
0.617966
0.614057
0.610156
0.606235
0.602322
0.598422
0.594504
0.590587
0.586686
0.582773
0.578853
0.574951
0.571041
0.56712
0.563214
0.559309
0.555388
0.551479
0.547576
0.543656
0.539743
0.535842
0.531925
0.528008
0.524107
0.520194
0.516274
0.512371
0.508462
0.504541
0.500635
0.496729
0.492809
0.4889
0.484996
0.481077
0.477164
0.473262
0.469346
0.46543
0.461527
0.457614
0.453696
0.449792
0.445882
0.441963
0.438056
0.43415
0.43023
0.426321
0.422416
0.418498
0.414585
0.410682
0.406767
0.402851
0.398948
0.395035
0.391117
0.387212
0.383303
0.379384
0.375477
0.37157
0.367651
0.363741
0.359837
0.355919
0.352006
0.348103
0.344187
0.340272
0.336368
0.332455
0.328538
0.324633
0.320723
0.316805
0.312898
0.308991
0.305072
0.301162
0.297257
0.29334
0.289427
0.285523
0.281608
0.277693
0.273789
0.269876
0.265959
0.262054
0.258144
0.254226
0.250318
0.246411
0.242493
0.238583
0.234678
0.230761
0.226848
0.222944
0.219029
0.215114
0.211209
0.207297
0.20338
0.199474
0.195565
0.191647
0.187739
0.183832
0.179914
0.176004
0.172099
0.168182
0.164269
0.160365
0.15645
0.152535
0.14863
0.144718
0.140801
0.136895
0.132985
0.129068
0.12516
0.121253
0.117335
0.113425
0.109519
0.105603
0.10169
0.0977854
0.0938705
0.0899556
0.0860509
0.0821384
0.0782217
0.074316
0.0704061
0.0664884
0.0625809
0.0586734
0.0547557
0.0508458
0.0469401
0.0430234
0.0391109
0.0352062
0.0312913
0.0273764
0.0234717
0.0195592
0.0156425
0.0117368
0.0078269
0.00390923
1.6881e-06
-0.00390585
-0.00782351
-0.0117334
-0.0156391
-0.0195558
-0.0234683
-0.027373
-0.0312879
-0.0352028
-0.0391075
-0.04302
-0.0469367
-0.0508424
-0.0547523
-0.05867
-0.0625775
-0.066485
-0.0704027
-0.0743126
-0.0782183
-0.082135
-0.0860475
-0.0899522
-0.0938671
-0.097782
-0.101687
-0.105599
-0.109516
-0.113422
-0.117331
-0.121249
-0.125157
-0.129064
-0.132982
-0.136892
-0.140797
-0.144714
-0.148627
-0.152531
-0.156446
-0.160361
-0.164266
-0.168178
-0.172095
-0.176001
-0.179911
-0.183829
-0.187736
-0.191643
-0.195561
-0.199471
-0.203377
-0.207294
-0.211206
-0.21511
-0.219026
-0.222941
-0.226845
-0.230758
-0.234675
-0.23858
-0.24249
-0.246408
-0.250315
-0.254222
-0.258141
-0.26205
-0.265956
-0.269873
-0.273785
-0.277689
-0.281605
-0.28552
-0.289424
-0.293337
-0.297254
-0.301159
-0.305069
-0.308987
-0.312894
-0.316801
-0.32072
-0.32463
-0.328535
-0.332452
-0.336365
-0.340268
-0.344184
-0.348099
-0.352003
-0.355916
-0.359833
-0.363738
-0.367648
-0.371567
-0.375474
-0.37938
-0.383299
-0.387209
-0.391113
-0.395031
-0.398944
-0.402847
-0.406763
-0.410679
-0.414582
-0.418495
-0.422413
-0.426317
-0.430227
-0.434146
-0.438053
-0.441959
-0.445879
-0.449788
-0.453692
-0.457611
-0.461524
-0.465426
-0.469342
-0.473258
-0.477161
-0.481074
-0.484993
-0.488896
-0.492806
-0.496726
-0.500632
-0.504538
-0.508458
-0.512368
-0.516271
-0.52019
-0.524103
-0.528005
-0.531922
-0.535838
-0.53974
-0.543653
-0.547572
-0.551475
-0.555384
-0.559306
-0.563211
-0.567117
-0.571038
-0.574947
-0.578849
-0.58277
-0.586683
-0.590583
-0.594501
-0.598418
-0.602318
-0.606232
-0.610152
-0.614054
-0.617963
-0.621886
-0.62579
-0.629695
-0.633618
-0.637527
-0.641428
-0.645349
-0.649263
-0.653162
-0.65708
-0.660998
-0.664897
-0.668811
-0.672733
-0.676633
-0.680541
-0.684466
-0.68837
-0.692273
-0.696198
-0.700106
-0.704006
-0.707929
-0.711843
-0.715739
-0.719659
-0.723579
-0.727475
-0.731389
-0.735314
-0.739211
-0.743119
-0.747047
-0.750949
-0.75485
-0.758779
-0.762686
-0.766583
-0.770509
-0.774424
-0.778316
-0.782239
-0.786161
-0.790052
-0.793967
-0.797896
-0.801789
-0.805696
-0.809629
-0.813528
-0.817426
-0.821361
-0.825267
-0.829158
-0.83309
-0.837006
-0.840892
-0.844818
-0.848744
-0.852628
-0.856545
-0.86048
-0.864366
-0.868272
-0.872214
-0.876107
-0.879999
-0.883945
-0.887849
-0.891729
-0.895673
-0.899591
-0.903461
-0.907398
-0.911334
-0.915197
-0.91912
-0.923074
-0.926938
-0.93084
-0.934811
-0.938684
-0.942559
-0.946544
-0.950435
-0.954278
-0.958269
-0.962194
-0.965997
-0.969986
-0.973965
-0.977713
-0.981685
-0.98577
-0.989406
-0.993339
-0.997796
-1
-0.997801
-0.993345
-0.989411
-0.985775
-0.98169
-0.977718
-0.97397
-0.969991
-0.966002
-0.962199
-0.958275
-0.954283
-0.95044
-0.946549
-0.942564
-0.938689
-0.934816
-0.930845
-0.926943
-0.923079
-0.919125
-0.915203
-0.911339
-0.907403
-0.903466
-0.899596
-0.895678
-0.891734
-0.887854
-0.88395
-0.880004
-0.876112
-0.872219
-0.868277
-0.864371
-0.860485
-0.85655
-0.852633
-0.848749
-0.844823
-0.840897
-0.837011
-0.833095
-0.829163
-0.825272
-0.821366
-0.817432
-0.813533
-0.809634
-0.805702
-0.801794
-0.797901
-0.793973
-0.790057
-0.786166
-0.782244
-0.778322
-0.774429
-0.770514
-0.766588
-0.762691
-0.758784
-0.754855
-0.750954
-0.747052
-0.743124
-0.739216
-0.735319
-0.731394
-0.72748
-0.723584
-0.719664
-0.715745
-0.711848
-0.707934
-0.704011
-0.700111
-0.696203
-0.692278
-0.688375
-0.684471
-0.680547
-0.676638
-0.672738
-0.668816
-0.664902
-0.661003
-0.657085
-0.653167
-0.649268
-0.645354
-0.641433
-0.637532
-0.633623
-0.6297
-0.625795
-0.621891
-0.617968
-0.614059
-0.610157
-0.606237
-0.602323
-0.598423
-0.594506
-0.590589
-0.586688
-0.582775
-0.578855
-0.574952
-0.571043
-0.567122
-0.563216
-0.559311
-0.555389
-0.55148
-0.547578
-0.543658
-0.539745
-0.535843
-0.531927
-0.52801
-0.524108
-0.520195
-0.516276
-0.512373
-0.508463
-0.504543
-0.500637
-0.496731
-0.492811
-0.488901
-0.484998
-0.481079
-0.477166
-0.473264
-0.469347
-0.465431
-0.461529
-0.457616
-0.453697
-0.449793
-0.445884
-0.441964
-0.438058
-0.434151
-0.430232
-0.426322
-0.422418
-0.4185
-0.414587
-0.410684
-0.406768
-0.402852
-0.398949
-0.395036
-0.391119
-0.387214
-0.383304
-0.379385
-0.375479
-0.371572
-0.367653
-0.363743
-0.359838
-0.355921
-0.352008
-0.348104
-0.344189
-0.340274
-0.33637
-0.332457
-0.32854
-0.324635
-0.320725
-0.316806
-0.312899
-0.308992
-0.305074
-0.301164
-0.297259
-0.293342
-0.289429
-0.285525
-0.28161
-0.277695
-0.27379
-0.269878
-0.265961
-0.262055
-0.258146
-0.254227
-0.25032
-0.246413
-0.242495
-0.238585
-0.23468
-0.230763
-0.22685
-0.222946
-0.219031
-0.215116
-0.211211
-0.207299
-0.203382
-0.199476
-0.195566
-0.191648
-0.187741
-0.183834
-0.179916
-0.176006
-0.1721
-0.168183
-0.164271
-0.160366
-0.156451
-0.152536
-0.148632
-0.144719
-0.140803
-0.136897
-0.132987
-0.129069
-0.125162
-0.121254
-0.117337
-0.113427
-0.109521
-0.105604
-0.101692
-0.0977871
-0.0938722
-0.0899573
-0.0860526
-0.0821401
-0.0782234
-0.0743177
-0.0704078
-0.0664901
-0.0625826
-0.0586751
-0.0547574
-0.0508475
-0.0469418
-0.0430251
-0.0391126
-0.0352078
-0.031293
-0.0273781
-0.0234734
-0.0195609
-0.0156442
-0.0117385
-0.00782859
-0.00391092
-3.37621e-06
0.00390415
