-0.899374
0
0.899374
1
0.805349
0.875695
0.935679
0.848408
0.860582
0.912131
0.863233
0.85216
0.895133
0.869508
0.847212
0.880536
0.87129
0.844438
0.867518
0.869953
0.843028
0.855991
0.866188
0.84233
0.846027
0.860511
0.841772
0.837684
0.85341
0.840865
0.830929
0.845375
0.83922
0.82562
0.836895
0.836572
0.821511
0.828423
0.832789
0.818276
0.820346
0.827874
0.815543
0.812955
0.821953
0.812933
0.806427
0.815247
0.810103
0.800818
0.808046
0.806774
0.796068
0.800662
0.802761
0.79202
0.793399
0.797979
0.788445
0.786513
0.792453
0.785078
0.780186
0.786294
0.781654
0.774515
0.77969
0.777937
0.769501
0.772864
0.773753
0.765059
0.766055
0.769
0.761038
0.759475
0.763661
0.757242
0.753293
0.757799
0.75346
0.747611
0.75154
0.749495
0.742457
0.745055
0.745188
0.737785
0.738535
0.740436
0.733487
0.732162
0.735206
0.729414
0.726085
0.729528
0.725392
0.720407
0.723495
0.721253
0.715167
0.717241
0.716855
0.710343
0.710923
0.712097
0.705857
0.704698
0.706936
0.701589
0.698701
0.701385
0.697395
0.693031
0.695512
0.693128
0.687734
0.689425
0.688658
0.682802
0.683256
0.683892
0.678179
0.677143
0.678779
0.673766
0.671209
0.673321
0.669441
0.665548
0.667567
0.665075
0.660209
0.661607
0.660549
0.655197
0.655553
0.655774
0.650469
0.649529
0.650696
0.645943
0.643646
0.645309
0.641516
0.637993
0.639649
0.637071
0.632624
0.633788
0.632499
0.627549
0.627827
0.627715
0.622737
0.621874
0.622664
0.618122
0.616033
0.617333
0.613611
0.610388
0.611748
0.609101
0.604995
0.605969
0.604491
0.59987
0.600084
0.599699
0.59499
0.59419
0.59467
0.590301
0.588384
0.589384
0.58572
0.582747
0.583861
0.581156
0.577335
0.57815
0.576513
0.572168
0.572328
0.571714
0.567231
0.566484
0.566702
0.56248
0.560709
0.561455
0.557841
0.555079
0.555984
0.55323
0.549651
0.550331
0.548559
0.544448
0.544563
0.543752
0.539464
0.538762
0.538755
0.534659
0.533013
0.533541
0.529969
0.52739
0.528114
0.525318
0.521949
0.522511
0.520622
0.516716
0.516791
0.51581
0.51169
0.511028
0.510825
0.506838
0.505302
0.505638
0.502104
0.499685
0.500251
0.497417
0.494232
0.494691
0.4927
0.488973
0.489013
0.487881
0.48391
0.483283
0.482907
0.479017
0.477578
0.477745
0.474244
0.471967
0.472392
0.469526
0.466504
0.466871
0.464789
0.461222
0.46123
0.459965
0.456126
0.455531
0.455
0.451197
0.449844
0.44986
0.446389
0.444238
0.444538
0.441641
0.438767
0.439052
0.436886
0.433464
0.433443
0.432057
0.428339
0.427771
0.4271
0.423376
0.422102
0.42198
0.418536
0.416501
0.416686
0.413763
0.411022
0.411232
0.408992
0.4057
0.405654
0.404158
0.400549
0.400007
0.399208
0.395556
0.394353
0.394106
0.390687
0.388757
0.388837
0.38589
0.38327
0.383412
0.381103
0.377932
0.377862
0.376265
0.372756
0.372238
0.371322
0.367735
0.366599
0.366236
0.36284
0.361006
0.36099
0.35802
0.355514
0.355592
0.35322
0.350159
0.350068
0.348377
0.344961
0.344465
0.34344
0.339915
0.33884
0.33837
0.334994
0.333251
0.333146
0.330154
0.327753
0.327771
0.325341
0.322384
0.322272
0.320494
0.317165
0.316689
0.315563
0.312095
0.311076
0.310506
0.30715
0.305492
0.305302
0.302291
0.299988
0.299951
0.297465
0.294606
0.294474
0.292615
0.289367
0.28891
0.287689
0.284274
0.28331
0.282645
0.279308
0.277729
0.27746
0.274431
0.27222
0.272131
0.269593
0.266825
0.266676
0.264739
0.261568
0.261129
0.259818
0.256454
0.25554
0.254786
0.251467
0.249963
0.249619
0.246572
0.24445
0.244311
0.241723
0.239043
0.238876
0.236866
0.233768
0.233346
0.231949
0.228634
0.227769
0.226929
0.223627
0.222195
0.221779
0.218715
0.216677
0.216491
0.213855
0.211259
0.211075
0.208994
0.205967
0.205562
0.204082
0.200814
0.199995
0.199073
0.195787
0.194425
0.19394
0.19086
0.188903
0.188671
0.185989
0.183473
0.183274
0.181125
0.178166
0.177777
0.176217
0.172993
0.17222
0.171219
0.167948
0.166653
0.166102
0.163006
0.161127
0.160851
0.158125
0.155687
0.155472
0.153258
0.150364
0.14999
0.148353
0.145173
0.144443
0.143366
0.14011
0.138879
0.138264
0.135152
0.13335
0.133031
0.130262
0.127899
0.12767
0.125391
0.122561
0.122202
0.12049
0.117353
0.116665
0.115513
0.112272
0.111105
0.110426
0.1073
0.105571
0.105211
0.1024
0.100111
0.0998668
0.0975258
0.094758
0.0944139
0.0926283
0.0895324
0.0888863
0.0876613
0.084435
0.0833293
0.0825888
0.0794482
0.0777925
0.0773904
0.0745385
0.0723221
0.0720637
0.0696612
0.0669547
0.0666251
0.0647672
0.0617122
0.061107
0.0598099
0.0565979
0.0555533
0.0547518
0.0515968
0.0500129
0.0495702
0.0466776
0.0445329
0.0442603
0.0417971
0.0391513
0.0388359
0.0369066
0.0338919
0.0333272
0.0319588
0.0287609
0.0277767
0.0269149
0.0237457
0.022233
0.02175
0.0188171
0.0167435
0.0164568
0.0139333
0.0113477
0.0110465
0.00904615
0.00607165
0.00554717
0.00410784
0.000923982
-1.41194e-12
-0.000921899
-0.00410528
-0.00554706
-0.00607013
-0.00904327
-0.011046
-0.0113467
-0.0139303
-0.0164559
-0.016743
-0.0188142
-0.0217486
-0.0222329
-0.0237431
-0.0269129
-0.0277767
-0.0287587
-0.0319563
-0.0333271
-0.0338903
-0.0369037
-0.0388355
-0.0391502
-0.0417941
-0.0442595
-0.0445324
-0.0466747
-0.0495688
-0.0500128
-0.0515941
-0.0547499
-0.0555533
-0.0565956
-0.0598074
-0.0611069
-0.0617105
-0.0647644
-0.0666247
-0.0669537
-0.0696582
-0.0720629
-0.0723215
-0.0745355
-0.0773891
-0.0777923
-0.0794455
-0.0825869
-0.0833293
-0.0844327
-0.0876589
-0.0888863
-0.0895307
-0.0926255
-0.0944136
-0.0947569
-0.0975228
-0.0998661
-0.10011
-0.102397
-0.105209
-0.105571
-0.107297
-0.110424
-0.111105
-0.11227
-0.115511
-0.116665
-0.117351
-0.120487
-0.122202
-0.12256
-0.125388
-0.127669
-0.127898
-0.130259
-0.13303
-0.133349
-0.13515
-0.138262
-0.138879
-0.140108
-0.143363
-0.144443
-0.145171
-0.14835
-0.14999
-0.150362
-0.153255
-0.155472
-0.155686
-0.158122
-0.16085
-0.161127
-0.163003
-0.1661
-0.166653
-0.167946
-0.171217
-0.17222
-0.172991
-0.176214
-0.177776
-0.178164
-0.181122
-0.183274
-0.183472
-0.185986
-0.18867
-0.188903
-0.190857
-0.193939
-0.194425
-0.195785
-0.199071
-0.199995
-0.200811
-0.204079
-0.205562
-0.205966
-0.208991
-0.211075
-0.211258
-0.213852
-0.21649
-0.216677
-0.218712
-0.221778
-0.222195
-0.223624
-0.226927
-0.227769
-0.228632
-0.231946
-0.233346
-0.233767
-0.236863
-0.238876
-0.239042
-0.24172
-0.24431
-0.24445
-0.246569
-0.249618
-0.249963
-0.251464
-0.254784
-0.255541
-0.256452
-0.259815
-0.261129
-0.261567
-0.264736
-0.266675
-0.266824
-0.26959
-0.272131
-0.27222
-0.274428
-0.277459
-0.277729
-0.279305
-0.282643
-0.28331
-0.284272
-0.287686
-0.28891
-0.289366
-0.292612
-0.294474
-0.294605
-0.297462
-0.299951
-0.299988
-0.302288
-0.305301
-0.305492
-0.307147
-0.310504
-0.311077
-0.312092
-0.31556
-0.316689
-0.317163
-0.320491
-0.322272
-0.322383
-0.325337
-0.327771
-0.327752
-0.330151
-0.333144
-0.333251
-0.334991
-0.338368
-0.33884
-0.339913
-0.343438
-0.344465
-0.344959
-0.348374
-0.350068
-0.350158
-0.353216
-0.355591
-0.355513
-0.358017
-0.360989
-0.361006
-0.362836
-0.366234
-0.366599
-0.367733
-0.37132
-0.372238
-0.372754
-0.376262
-0.377862
-0.37793
-0.3811
-0.383411
-0.38327
-0.385886
-0.388836
-0.388757
-0.390684
-0.394104
-0.394354
-0.395553
-0.399206
-0.400007
-0.400547
-0.404155
-0.405654
-0.405699
-0.408988
-0.411231
-0.411021
-0.41376
-0.416685
-0.416501
-0.418533
-0.421979
-0.422103
-0.423373
-0.427098
-0.427772
-0.428337
-0.432054
-0.433444
-0.433462
-0.436883
-0.439051
-0.438766
-0.441638
-0.444537
-0.444238
-0.446385
-0.449858
-0.449845
-0.451194
-0.454997
-0.455531
-0.456124
-0.459962
-0.46123
-0.46122
-0.464785
-0.466872
-0.466503
-0.469522
-0.472392
-0.471967
-0.474241
-0.477744
-0.477579
-0.479014
-0.482905
-0.483284
-0.483908
-0.487878
-0.489013
-0.488971
-0.492696
-0.494692
-0.494231
-0.497413
-0.50025
-0.499685
-0.502101
-0.505637
-0.505303
-0.506835
-0.510822
-0.511029
-0.511687
-0.515807
-0.516792
-0.516714
-0.520619
-0.522511
-0.521948
-0.525314
-0.528114
-0.52739
-0.529965
-0.53354
-0.533014
-0.534655
-0.538753
-0.538764
-0.539461
-0.54375
-0.544564
-0.544447
-0.548555
-0.550331
-0.54965
-0.553226
-0.555984
-0.555079
-0.557837
-0.561454
-0.56071
-0.562476
-0.5667
-0.566486
-0.567228
-0.571711
-0.572329
-0.572165
-0.57651
-0.578151
-0.577334
-0.581152
-0.583861
-0.582747
-0.585716
-0.589384
-0.588385
-0.590297
-0.594668
-0.594191
-0.594987
-0.599696
-0.600085
-0.599867
-0.604487
-0.605971
-0.604994
-0.609096
-0.611749
-0.610388
-0.613606
-0.617333
-0.616034
-0.618117
-0.622662
-0.621875
-0.622733
-0.627712
-0.627829
-0.627546
-0.632495
-0.63379
-0.632623
-0.637066
-0.639649
-0.637993
-0.641511
-0.645309
-0.643647
-0.645939
-0.650694
-0.64953
-0.650465
-0.655771
-0.655556
-0.655194
-0.660545
-0.661609
-0.660208
-0.66507
-0.667569
-0.665548
-0.669436
-0.673321
-0.67121
-0.673761
-0.678777
-0.677145
-0.678174
-0.683889
-0.683258
-0.682799
-0.688654
-0.689427
-0.687732
-0.693122
-0.695514
-0.693031
-0.697389
-0.701385
-0.698703
-0.701583
-0.706934
-0.7047
-0.705852
-0.712094
-0.710926
-0.710339
-0.71685
-0.717244
-0.715165
-0.721247
-0.723498
-0.720407
-0.725386
-0.729529
-0.726087
-0.729407
-0.735205
-0.732165
-0.733481
-0.740433
-0.738539
-0.73778
-0.745183
-0.745059
-0.742454
-0.749488
-0.751543
-0.747611
-0.753453
-0.757801
-0.753296
-0.757234
-0.763661
-0.759479
-0.761031
-0.768997
-0.76606
-0.765054
-0.773747
-0.77287
-0.769498
-0.777929
-0.779694
-0.774515
-0.781644
-0.786297
-0.780189
-0.785068
-0.792453
-0.786518
-0.788436
-0.797976
-0.793406
-0.792013
-0.802754
-0.80067
-0.796065
-0.806765
-0.808053
-0.800818
-0.810091
-0.815252
-0.806431
-0.812921
-0.821954
-0.812963
-0.815531
-0.827872
-0.820357
-0.818267
-0.832781
-0.828435
-0.821506
-0.83656
-0.836907
-0.82562
-0.839204
-0.845384
-0.830936
-0.840846
-0.853414
-0.837697
-0.841753
-0.860508
-0.846046
-0.842314
-0.866176
-0.856014
-0.843018
-0.869931
-0.867543
-0.844438
-0.871258
-0.880558
-0.847226
-0.869466
-0.895147
-0.852195
-0.863182
-0.912128
-0.860646
-0.84835
-0.935638
-0.875816
-0.805287
-0.999824
-0.899825
-0.000962508
0.898923
