-0.896538
0
0.896538
0.999914
0.80751
0.878084
0.940779
0.855865
0.868289
0.922196
0.876016
0.865275
0.910132
0.887536
0.865814
0.900504
0.894454
0.868572
0.892536
0.898144
0.872696
0.886166
0.899322
0.877486
0.881482
0.898539
0.882332
0.878533
0.896327
0.886716
0.877264
0.893225
0.890238
0.877494
0.889761
0.892638
0.878933
0.886418
0.893807
0.881206
0.883595
0.893786
0.883899
0.88158
0.892746
0.886605
0.880527
0.890958
0.888963
0.880456
0.888753
0.8907
0.881259
0.886476
0.891649
0.882732
0.884448
0.891764
0.884602
0.882921
0.891114
0.88657
0.882059
0.889862
0.888354
0.881922
0.888236
0.889718
0.882465
0.886499
0.890507
0.883556
0.884904
0.890655
0.884997
0.883668
0.890189
0.886555
0.882941
0.889221
0.888
0.882789
0.887925
0.889131
0.883196
0.88651
0.889808
0.884067
0.885186
0.88996
0.885247
0.88414
0.889599
0.886547
0.883507
0.888806
0.887771
0.883356
0.88772
0.888745
0.883681
0.886516
0.889341
0.884411
0.885375
0.889491
0.885418
0.884462
0.889195
0.886542
0.883898
0.888518
0.887612
0.88375
0.887576
0.888475
0.884022
0.88652
0.889011
0.884654
0.885509
0.889156
0.88554
0.884691
0.888905
0.886539
0.884179
0.88831
0.887498
0.884036
0.887471
0.888278
0.88427
0.886522
0.88877
0.884833
0.885607
0.88891
0.885631
0.88486
0.888691
0.886537
0.884387
0.888155
0.887414
0.884248
0.887393
0.888132
0.884456
0.886524
0.888589
0.884967
0.885681
0.888726
0.885699
0.884987
0.88853
0.886535
0.884544
0.888039
0.88735
0.884409
0.887334
0.888021
0.884596
0.886525
0.888453
0.885068
0.885736
0.888586
0.88575
0.885084
0.888408
0.886534
0.884662
0.887951
0.887302
0.88453
0.887289
0.887938
0.884702
0.886526
0.88835
0.885145
0.885778
0.888481
0.885789
0.885156
0.888316
0.886533
0.884751
0.887885
0.887265
0.884621
0.887256
0.887875
0.884781
0.886527
0.888273
0.885202
0.885809
0.888403
0.885817
0.885209
0.888249
0.886533
0.884816
0.887837
0.887239
0.884687
0.887232
0.88783
0.884837
0.886528
0.888219
0.885242
0.885831
0.888348
0.885837
0.885247
0.888202
0.886532
0.884862
0.887803
0.887221
0.884732
0.887216
0.8878
0.884875
0.886528
0.888183
0.885268
0.885846
0.888313
0.88585
0.88527
0.888173
0.886531
0.884889
0.887784
0.88721
0.884758
0.887207
0.887783
0.884896
0.886529
0.888164
0.885281
0.885853
0.888296
0.885855
0.885281
0.88816
0.886531
0.8849
0.887777
0.887206
0.884766
0.887204
0.887778
0.884901
0.886529
0.88816
0.885283
0.885854
0.888296
0.885854
0.88528
0.888163
0.88653
0.884895
0.887782
0.887208
0.884758
0.887208
0.887785
0.884889
0.88653
0.888173
0.885272
0.885848
0.888313
0.885847
0.885267
0.888182
0.88653
0.884875
0.887799
0.887217
0.884732
0.887219
0.887805
0.884862
0.88653
0.888202
0.885248
0.885836
0.888348
0.885833
0.885241
0.888218
0.886529
0.884837
0.887829
0.887233
0.884687
0.887237
0.887838
0.884817
0.886531
0.888249
0.88521
0.885816
0.888403
0.885811
0.8852
0.888273
0.886529
0.88478
0.887874
0.887257
0.884621
0.887264
0.887886
0.884752
0.886532
0.888317
0.885157
0.885787
0.888481
0.88578
0.885144
0.888349
0.886528
0.884701
0.887936
0.887291
0.88453
0.8873
0.887952
0.884663
0.886532
0.888408
0.885085
0.885748
0.888586
0.885738
0.885067
0.888452
0.886527
0.884595
0.88802
0.887336
0.884409
0.887348
0.88804
0.884544
0.886533
0.88853
0.884989
0.885697
0.888726
0.885682
0.884966
0.888589
0.886526
0.884455
0.88813
0.887395
0.884248
0.887412
0.888157
0.884388
0.886535
0.888691
0.884862
0.885629
0.88891
0.885609
0.884832
0.888769
0.886524
0.884269
0.888277
0.887473
0.884036
0.887496
0.888311
0.88418
0.886537
0.888906
0.884693
0.885538
0.889156
0.885511
0.884653
0.88901
0.886522
0.884021
0.888473
0.887578
0.88375
0.88761
0.888519
0.883899
0.88654
0.889196
0.884463
0.885416
0.889491
0.885378
0.884409
0.88934
0.886519
0.88368
0.888743
0.887722
0.883356
0.887768
0.888807
0.883508
0.886544
0.8896
0.884143
0.885244
0.88996
0.885189
0.884065
0.889807
0.886513
0.883195
0.889129
0.887928
0.882789
0.887997
0.889223
0.882942
0.886551
0.89019
0.883671
0.884994
0.890655
0.884908
0.883554
0.890506
0.886503
0.882464
0.889716
0.88824
0.881922
0.88835
0.889865
0.882061
0.886566
0.891116
0.882924
0.884598
0.891764
0.884452
0.882729
0.891647
0.886481
0.881258
0.890696
0.888757
0.880456
0.888959
0.890962
0.880529
0.8866
0.892748
0.881584
0.883894
0.893786
0.883601
0.881201
0.893805
0.886424
0.87893
0.892633
0.889768
0.877494
0.890231
0.893231
0.877267
0.886707
0.896331
0.87854
0.882323
0.898539
0.881492
0.877478
0.899318
0.886178
0.872691
0.898135
0.892549
0.868572
0.894439
0.900517
0.865821
0.887515
0.91014
0.865293
0.875991
0.922196
0.868321
0.855836
0.94076
0.878145
0.807479
0.999827
0.896763
0.000479245
-0.896312
-1
-0.807542
-0.878023
-0.940797
-0.855894
-0.868256
-0.922196
-0.876041
-0.865258
-0.910123
-0.887556
-0.865807
-0.900492
-0.894469
-0.868572
-0.892522
-0.898154
-0.872701
-0.886154
-0.899327
-0.877494
-0.881472
-0.898539
-0.882341
-0.878526
-0.896324
-0.886725
-0.87726
-0.893219
-0.890245
-0.877494
-0.889754
-0.892643
-0.878935
-0.886411
-0.89381
-0.88121
-0.883589
-0.893786
-0.883905
-0.881576
-0.892744
-0.886611
-0.880525
-0.890954
-0.888968
-0.880456
-0.888748
-0.890703
-0.881261
-0.886472
-0.891651
-0.882735
-0.884444
-0.891764
-0.884606
-0.882918
-0.891113
-0.886574
-0.882057
-0.889859
-0.888357
-0.881922
-0.888233
-0.889721
-0.882467
-0.886495
-0.890509
-0.883559
-0.884901
-0.890655
-0.885
-0.883666
-0.890188
-0.886558
-0.882939
-0.889219
-0.888003
-0.882789
-0.887922
-0.889134
-0.883197
-0.886507
-0.889809
-0.884069
-0.885184
-0.88996
-0.88525
-0.884138
-0.889598
-0.88655
-0.883506
-0.888804
-0.887773
-0.883356
-0.887717
-0.888747
-0.883682
-0.886513
-0.889342
-0.884413
-0.885373
-0.889491
-0.88542
-0.88446
-0.889194
-0.886544
-0.883897
-0.888516
-0.887615
-0.88375
-0.887574
-0.888476
-0.884022
-0.886517
-0.889012
-0.884656
-0.885507
-0.889156
-0.885543
-0.88469
-0.888904
-0.886541
-0.884178
-0.888308
-0.8875
-0.884036
-0.887469
-0.88828
-0.884271
-0.88652
-0.88877
-0.884835
-0.885605
-0.88891
-0.885633
-0.884859
-0.88869
-0.886539
-0.884386
-0.888154
-0.887415
-0.884248
-0.887391
-0.888133
-0.884456
-0.886522
-0.88859
-0.884969
-0.885679
-0.888726
-0.8857
-0.884986
-0.888529
-0.886537
-0.884543
-0.888038
-0.887351
-0.884409
-0.887332
-0.888023
-0.884596
-0.886524
-0.888454
-0.88507
-0.885734
-0.888586
-0.885752
-0.885082
-0.888407
-0.886536
-0.884662
-0.887949
-0.887303
-0.88453
-0.887288
-0.887939
-0.884702
-0.886525
-0.888351
-0.885146
-0.885776
-0.888481
-0.88579
-0.885155
-0.888315
-0.886535
-0.884751
-0.887883
-0.887267
-0.884621
-0.887254
-0.887876
-0.884781
-0.886526
-0.888274
-0.885203
-0.885808
-0.888403
-0.885819
-0.885208
-0.888248
-0.886534
-0.884816
-0.887835
-0.88724
-0.884687
-0.88723
-0.887831
-0.884838
-0.886526
-0.888219
-0.885243
-0.88583
-0.888348
-0.885839
-0.885246
-0.888201
-0.886533
-0.884861
-0.887802
-0.887222
-0.884732
-0.887214
-0.887801
-0.884876
-0.886527
-0.888183
-0.885269
-0.885844
-0.888313
-0.885851
-0.885269
-0.888172
-0.886533
-0.884888
-0.887783
-0.887211
-0.884758
-0.887205
-0.887784
-0.884896
-0.886527
-0.888164
-0.885282
-0.885852
-0.888296
-0.885857
-0.88528
-0.888159
-0.886532
-0.884899
-0.887776
-0.887207
-0.884766
-0.887203
-0.887779
-0.884901
-0.886528
-0.888161
-0.885283
-0.885853
-0.888296
-0.885856
-0.885279
-0.888162
-0.886532
-0.884895
-0.88778
-0.887209
-0.884758
-0.887207
-0.887786
-0.88489
-0.886528
-0.888174
-0.885273
-0.885847
-0.888313
-0.885848
-0.885266
-0.888182
-0.886531
-0.884874
-0.887798
-0.887219
-0.884732
-0.887218
-0.887806
-0.884863
-0.886529
-0.888203
-0.885249
-0.885834
-0.888348
-0.885834
-0.88524
-0.888218
-0.886531
-0.884836
-0.887828
-0.887235
-0.884687
-0.887236
-0.887839
-0.884818
-0.886529
-0.88825
-0.885212
-0.885814
-0.888403
-0.885812
-0.885199
-0.888272
-0.88653
-0.884779
-0.887873
-0.887259
-0.884621
-0.887262
-0.887887
-0.884753
-0.88653
-0.888317
-0.885158
-0.885786
-0.888481
-0.885781
-0.885143
-0.888349
-0.88653
-0.8847
-0.887935
-0.887292
-0.88453
-0.887298
-0.887953
-0.884664
-0.886531
-0.888409
-0.885086
-0.885747
-0.888586
-0.885739
-0.885066
-0.888452
-0.886529
-0.884594
-0.888019
-0.887337
-0.884409
-0.887346
-0.888041
-0.884545
-0.886532
-0.888531
-0.88499
-0.885695
-0.888726
-0.885684
-0.884964
-0.888588
-0.886528
-0.884454
-0.888129
-0.887397
-0.884248
-0.88741
-0.888158
-0.884388
-0.886533
-0.888692
-0.884863
-0.885627
-0.88891
-0.885611
-0.88483
-0.888768
-0.886526
-0.884268
-0.888275
-0.887475
-0.884036
-0.887494
-0.888313
-0.88418
-0.886535
-0.888907
-0.884694
-0.885536
-0.889156
-0.885513
-0.884651
-0.889009
-0.886524
-0.88402
-0.888471
-0.88758
-0.88375
-0.887608
-0.888521
-0.8839
-0.886537
-0.889197
-0.884465
-0.885413
-0.889491
-0.88538
-0.884407
-0.889339
-0.886521
-0.883679
-0.888741
-0.887725
-0.883356
-0.887766
-0.888809
-0.88351
-0.886541
-0.889601
-0.884145
-0.885242
-0.88996
-0.885192
-0.884063
-0.889806
-0.886516
-0.883194
-0.889127
-0.887931
-0.882789
-0.887994
-0.889226
-0.882943
-0.886548
-0.890191
-0.883673
-0.88499
-0.890655
-0.884911
-0.883551
-0.890505
-0.886506
-0.882462
-0.889713
-0.888243
-0.881922
-0.888346
-0.889867
-0.882062
-0.886562
-0.891118
-0.882927
-0.884594
-0.891764
-0.884456
-0.882726
-0.891645
-0.886486
-0.881256
-0.890693
-0.888762
-0.880456
-0.888954
-0.890966
-0.880531
-0.886594
-0.892751
-0.881588
-0.883888
-0.893786
-0.883607
-0.881197
-0.893802
-0.886431
-0.878927
-0.892628
-0.889775
-0.877494
-0.890223
-0.893237
-0.87727
-0.886698
-0.896334
-0.878546
-0.882314
-0.898539
-0.881501
-0.87747
-0.899313
-0.88619
-0.872686
-0.898125
-0.892562
-0.868572
-0.894423
-0.900529
-0.865829
-0.887495
-0.910149
-0.86531
-0.875966
-0.922196
-0.868353
-0.855808
-0.940741
-0.878206
-0.807448
-0.999741
-0.896988
-0.000958489
0.896086
