0 1-seq2 1 83 100;
288.798 1-seq2 1 80 100;
81.2698 1-seq2 1 83 0;
204.626 1-seq2 1 77 100;
52.2449 1-seq2 1 80 0;
272.834 1-seq2 1 75 100;
95.7823 1-seq2 1 77 0;
240.907 1-seq2 1 74 100;
113.197 1-seq2 1 75 0;
219.138 1-seq2 1 67 100;
476.009 1-seq2 1 70 100;
155.283 1-seq2 1 68 100;
24.6712 1-seq2 1 74 0;
56.5986 1-seq2 1 66 100;
117.551 1-seq2 1 68 0;
15.9637 1-seq2 1 66 0;
4.35374 1-seq2 1 69 100;
36.2812 1-seq2 1 71 100;
133.515 1-seq2 1 70 0;
17.415 1-seq2 1 69 0;
139.32 1-seq2 1 67 0;
359.909 1-seq2 1 71 0;
43.5374 1-seq2 2 0 0;
