0 length 6901;
0 note 77 100;
111 note 64 100;
124 note 77 0;
192 p2k2 0.26002;
230 p2k2 0.393939;
266 p2k2 0.503421;
274 p2k2 0.541544;
289 note 64 0;
303 p2k2 0.57869;
328 note 62 100;
339 p2k2 0.605083;
377 p2k2 0.625611;
413 p2k2 0.631476;
424 note 65 100;
450 p2k2 0.662757;
467 note 62 0;
486 p2k2 0.688172;
522 p2k2 0.703812;
559 p2k2 0.71261;
562 note 65 0;
599 p2k2 0.717498;
633 note 65 100;
633 p2k2 0.744868;
672 p2k2 0.796676;
707 p2k2 0.865103;
719 p2k2 0.891496;
748 p2k2 0.898338;
755 note 65 0;
828 note 65 100;
858 p2k2 0.939394;
869 p2k2 0.968719;
895 p2k2 1;
930 note 65 0;
934 note 76 100;
1033 note 76 0;
1042 note 64 100;
1144 note 64 0;
1154 p2k2 0.951124;
1162 p2k2 0.921799;
1169 note 74 100;
1191 p2k2 0.901271;
1227 p2k2 0.868035;
1233 note 74 0;
1263 p2k2 0.821114;
1282 note 74 100;
1300 p2k2 0.778104;
1309 p2k2 0.754643;
1335 note 74 0;
1339 p2k2 0.719453;
1374 p2k2 0.69697;
1387 note 74 100;
1411 p2k2 0.672532;
1440 note 74 0;
1447 p2k2 0.652004;
1456 p2k2 0.640274;
1485 p2k2 0.617791;
1494 note 74 100;
1523 p2k2 0.59433;
1554 note 74 0;
1561 p2k2 0.565005;
1573 p2k2 0.557185;
1613 note 74 100;
1636 p2k2 0.549365;
1680 note 74 0;
1729 note 77 100;
1755 p2k2 0.611926;
1785 p2k2 0.786901;
1820 p2k2 1;
1841 note 64 100;
1854 note 77 0;
2019 note 64 0;
2058 note 62 100;
2147 p2k3 0.806452;
2154 note 65 100;
2186 p2k3 0.72434;
2197 note 62 0;
2222 p2k3 0.641251;
2230 p2k3 0.601173;
2260 p2k3 0.561095;
2292 note 65 0;
2296 p2k3 0.523949;
2332 p2k3 0.468231;
2363 note 65 100;
2368 p2k3 0.427175;
2377 p2k3 0.412512;
2406 p2k3 0.395894;
2442 p2k3 0.387097;
2480 p2k3 0.373412;
2485 note 65 0;
2516 p2k3 0.363636;
2556 p2k3 0.358749;
2558 note 65 100;
2611 p2k3 0.355816;
2660 note 65 0;
2664 note 76 100;
2734 p2k3 0.352884;
2763 note 76 0;
2772 note 64 100;
2808 p2k3 0.349951;
2851 p2k3 0.339198;
2874 note 64 0;
2881 p2k3 0.330401;
2899 note 74 100;
2917 p2k3 0.317693;
2954 p2k3 0.2913;
2963 note 74 0;
2969 p2k3 0.268817;
2998 p2k3 0.225806;
3012 note 74 100;
3028 p2k3 0.184751;
3064 p2k3 0.1261;
3065 note 74 0;
3101 p2k3 0;
3117 note 74 100;
3170 note 74 0;
3224 note 74 100;
3284 note 74 0;
3325 p2k3 0.00293255;
3343 note 74 100;
3362 p2k3 0.155425;
3398 p2k3 0.552297;
3410 note 74 0;
3410 p2k3 0.782991;
3442 p2k3 1;
3459 note 77 100;
3571 note 64 100;
3584 note 77 0;
3749 note 64 0;
3788 note 62 100;
3884 note 65 100;
3927 note 62 0;
4022 note 65 0;
4093 note 65 100;
4215 note 65 0;
4249 p2k3 0.857283;
4287 p2k3 0.545455;
4288 note 65 100;
4324 p2k3 0.244379;
4339 p2k3 0.130987;
4367 p2k3 0.0410557;
4390 note 65 0;
4394 note 76 100;
4396 p2k3 0.00977517;
4436 p2k3 0.00195503;
4493 note 76 0;
4502 note 64 100;
4604 note 64 0;
4629 note 74 100;
4693 note 74 0;
4729 p2k4 0.225806;
4742 note 74 100;
4766 p2k4 0.0625611;
4795 note 74 0;
4804 p2k4 0;
4814 p2k3 0;
4847 note 74 100;
4900 note 74 0;
4954 note 74 100;
5014 note 74 0;
5073 note 74 100;
5140 note 74 0;
5142 p2k4 0.0322581;
5174 p2k4 0.221896;
5189 note 77 100;
5211 p2k4 0.567937;
5249 p2k4 0.684262;
5263 p2k4 0.713587;
5290 p2k4 0.72043;
5301 note 64 100;
5314 note 77 0;
5350 p2k4 0.723363;
5479 note 64 0;
5518 note 62 100;
5544 p2k3 0.0625611;
5563 p2k3 0.168133;
5589 p2k3 0.370479;
5614 note 65 100;
5620 p2k3 0.487781;
5656 p2k3 0.518084;
5657 note 62 0;
5693 p2k3 0.525904;
5752 note 65 0;
5823 note 65 100;
5945 note 65 0;
6018 note 65 100;
6120 note 65 0;
6124 note 76 100;
6223 note 76 0;
6232 note 64 100;
6320 p2k3 0.682307;
6334 note 64 0;
6357 p2k3 0.804497;
6359 note 74 100;
6369 p2k3 0.8348;
6398 p2k3 0.84262;
6423 note 74 0;
6472 note 74 100;
6525 note 74 0;
6577 note 74 100;
6630 note 74 0;
6684 note 74 100;
6744 note 74 0;
6803 note 74 100;
6870 note 74 0;
