0 length 2887;
0 note 72 100;
1 note 76 100;
3 note 79 100;
6 note 83 100;
193 note 72 0;
194 note 76 0;
195 note 83 0;
196 note 79 0;
275 note 72 100;
276 note 83 100;
279 note 79 100;
283 note 76 100;
434 note 83 0;
441 note 72 0;
443 note 76 0;
453 note 79 0;
514 p2k2 0.276637;
542 note 83 100;
545 p2k2 0.314761;
546 note 72 100;
546 note 79 100;
546 note 76 100;
574 p2k2 0.357771;
604 p2k2 0.396872;
633 p2k2 0.44477;
664 p2k2 0.515152;
692 p2k2 0.589443;
721 p2k2 0.660802;
731 note 72 0;
733 note 83 0;
737 note 76 0;
738 note 79 0;
751 p2k2 0.722385;
781 p2k2 0.742913;
809 p2k2 0.757576;
810 note 72 100;
811 note 83 100;
814 note 79 100;
815 note 76 100;
839 p2k2 0.779081;
868 p2k2 0.805474;
898 p2k2 0.853372;
926 p2k2 0.896383;
955 p2k2 0.907136;
968 note 72 0;
971 note 76 0;
981 note 79 0;
982 note 83 0;
985 p2k2 0.901271;
1014 p2k2 0.837732;
1043 p2k2 0.766373;
1062 note 72 100;
1066 note 83 100;
1073 p2k2 0.7087;
1074 note 76 100;
1074 note 79 100;
1100 p2k2 0.666667;
1129 p2k2 0.633431;
1159 p2k2 0.612903;
1188 p2k2 0.599218;
1189 note 72 0;
1190 note 76 0;
1200 note 83 0;
1205 note 79 0;
1218 p2k2 0.59042;
1246 p2k2 0.5826;
1254 note 72 100;
1257 note 83 100;
1258 note 79 100;
1261 note 76 100;
1278 p2k2 0.571847;
1306 p2k2 0.56305;
1335 p2k2 0.55132;
1364 p2k2 0.539589;
1376 note 72 0;
1380 note 76 0;
1393 note 79 0;
1394 note 83 0;
1395 p2k2 0.525904;
1424 p2k2 0.513196;
1432 note 72 100;
1434 note 83 100;
1438 note 79 100;
1440 note 76 100;
1454 p2k2 0.507331;
1482 p2k2 0.495601;
1512 p2k2 0.489736;
1540 p2k2 0.485826;
1570 p2k2 0.474096;
1598 p2k2 0.464321;
1628 note 72 0;
1628 p2k2 0.455523;
1633 note 76 0;
1634 note 79 0;
1637 note 83 0;
1658 p2k2 0.441838;
1686 p2k2 0.431085;
1689 note 72 100;
1692 note 83 100;
1698 note 79 100;
1700 note 76 100;
1715 p2k2 0.418377;
1746 p2k2 0.397849;
1774 p2k2 0.375367;
1803 p2k2 0.358749;
1832 p2k2 0.341153;
1861 p2k2 0.323558;
1876 note 72 0;
1880 note 79 0;
1880 note 83 0;
1881 note 76 0;
1892 p2k2 0.30303;
1921 p2k2 0.290323;
1932 note 72 100;
1940 note 76 100;
1940 note 83 100;
1943 note 79 100;
1951 p2k2 0.28739;
1979 p2k2 0.347019;
2010 p2k2 0.42131;
2039 p2k2 0.457478;
2069 p2k2 0.410557;
2098 p2k2 0.197458;
2128 p2k2 0.123167;
2158 p2k2 0.206256;
2186 p2k2 0.300098;
2218 p2k2 0.333333;
2245 p2k2 0.402737;
2277 p2k2 0.478983;
2304 p2k2 0.498534;
2324 note 79 0;
2326 note 83 0;
2331 note 72 0;
2332 note 76 0;
2335 p2k2 0.446725;
2363 p2k2 0.343109;
2370 note 72 100;
2375 note 76 100;
2377 note 79 100;
2378 note 83 100;
2393 p2k2 0.290323;
2422 p2k2 0.277615;
2450 p2k2 0.274682;
2483 note 72 0;
2484 note 76 0;
2490 note 79 0;
2492 note 83 0;
2508 p2k2 0.257087;
2537 p2k2 0.252199;
2557 note 72 100;
2559 note 76 100;
2568 note 79 100;
2666 note 72 0;
2668 note 79 0;
2671 note 76 0;
2733 note 72 100;
2741 note 83 100;
2746 note 76 100;
2757 note 79 100;
2866 note 76 0;
2867 note 72 0;
2869 note 79 0;
2883 note 83 0;
