0 1-seq2 1 72 100;
88.5261 1-seq2 1 75 100;
78.3673 1-seq2 1 72 0;
58.0499 1-seq2 1 79 100;
4.35374 1-seq2 1 77 100;
42.0862 1-seq2 1 75 0;
43.5374 1-seq2 1 77 0;
1.45125 1-seq2 1 67 100;
39.1837 1-seq2 1 79 0;
34.8299 1-seq2 1 63 100;
88.5261 1-seq2 1 60 100;
29.0249 1-seq2 1 67 0;
60.9524 1-seq2 1 63 0;
71.1111 1-seq2 1 60 0;
88.5261 1-seq2 1 76 100;
8.70748 1-seq2 1 79 100;
5.80499 1-seq2 1 72 100;
33.3787 1-seq2 1 76 0;
108.844 1-seq2 1 72 0;
29.0249 1-seq2 1 79 0;
69.6599 1-seq2 1 79 100;
4.35374 1-seq2 1 76 100;
14.5125 1-seq2 1 72 100;
92.8798 1-seq2 1 72 0;
23.22 1-seq2 1 79 0;
4.35374 1-seq2 1 76 0;
94.3311 1-seq2 1 72 100;
7.25624 1-seq2 1 79 100;
0 1-seq2 1 76 100;
187.211 1-seq2 1 72 0;
5.80499 1-seq2 1 79 0;
4.35374 1-seq2 1 76 0;
46.4399 1-seq2 1 79 100;
2.90249 1-seq2 1 76 100;
1.45125 1-seq2 1 72 100;
190.113 1-seq2 1 76 0;
7.25624 1-seq2 1 79 0;
7.25624 1-seq2 1 72 0;
46.4399 1-seq2 1 72 100;
2.90249 1-seq2 1 79 100;
2.90249 1-seq2 1 76 100;
207.528 1-seq2 1 72 0;
0 1-seq2 1 79 0;
0 1-seq2 1 76 0;
0 1-seq2 2 0 0;
