0 length 11058;
0 note 83 100;
11 note 76 100;
17 note 79 100;
21 note 72 100;
175 note 72 0;
176 note 76 0;
185 note 79 0;
188 note 60 100;
196 note 83 0;
202 note 67 100;
204 note 71 100;
208 note 64 100;
338 note 71 0;
350 note 64 0;
352 note 60 0;
356 note 67 0;
461 note 71 100;
466 note 60 100;
471 note 67 100;
472 note 64 100;
634 knob3 0.0058651;
643 note 71 0;
649 note 83 100;
655 note 79 100;
657 note 67 0;
666 note 76 100;
672 note 72 100;
673 note 64 0;
677 note 60 0;
680 note 83 100;
684 knob3 0.0127077;
726 knob3 0.0234604;
732 note 83 0;
737 note 83 100;
738 note 83 0;
756 knob3 0.0420332;
795 knob3 0.056696;
832 note 83 100;
834 knob3 0.0840665;
843 knob3 0.102639;
875 knob3 0.130987;
903 note 83 0;
910 knob3 0.170088;
947 knob3 0.201369;
961 knob3 0.228739;
991 knob3 0.26002;
993 note 83 100;
1027 knob3 0.276637;
1058 note 83 0;
1064 knob3 0.298143;
1102 knob3 0.323558;
1113 knob3 0.335288;
1129 note 83 100;
1142 knob3 0.347019;
1176 note 83 0;
1179 knob3 0.362659;
1217 knob3 0.389052;
1226 note 83 100;
1231 knob3 0.407625;
1260 knob3 0.44868;
1286 note 83 0;
1293 knob3 0.513196;
1323 note 83 0;
1323 note 79 0;
1323 note 76 0;
1323 note 72 0;
1324 note 83 100;
1329 knob3 0.565005;
1337 note 76 100;
1343 note 79 100;
1347 note 72 100;
1357 note 83 0;
1357 note 76 0;
1357 note 79 0;
1357 note 72 0;
1358 note 83 100;
1369 knob3 0.580645;
1370 note 76 100;
1376 note 79 100;
1380 note 72 100;
1382 knob3 0.584555;
1534 note 72 0;
1535 note 76 0;
1544 note 79 0;
1547 note 60 100;
1550 knob3 0.515152;
1555 note 83 0;
1561 note 67 100;
1563 note 71 100;
1565 knob3 0.400782;
1567 note 64 100;
1594 knob3 0.215054;
1626 knob3 0.0860215;
1659 knob3 0.0488759;
1695 knob3 0.0391007;
1697 note 71 0;
1709 note 64 0;
1711 note 60 0;
1715 note 67 0;
1820 note 71 100;
1825 note 60 100;
1830 note 67 100;
1831 note 64 100;
1844 knob3 0.0449658;
1882 knob3 0.0703812;
1891 knob3 0.0967742;
1920 knob3 0.164223;
1953 knob3 0.226784;
1991 knob3 0.280547;
2002 note 71 0;
2008 note 83 100;
2014 note 79 100;
2016 note 67 0;
2025 note 76 100;
2030 knob3 0.327468;
2031 note 72 100;
2032 note 64 0;
2036 note 60 0;
2039 note 83 100;
2039 knob3 0.348974;
2070 knob3 0.362659;
2091 note 83 0;
2096 note 83 100;
2097 note 83 0;
2103 knob3 0.372434;
2140 knob3 0.390029;
2176 knob3 0.4174;
2189 knob3 0.441838;
2191 note 83 100;
2221 knob3 0.497556;
2253 knob3 0.54741;
2262 note 83 0;
2290 knob3 0.591398;
2324 knob3 0.619746;
2338 knob3 0.639296;
2352 note 83 100;
2371 knob3 0.664712;
2401 knob3 0.683284;
2417 note 83 0;
2441 knob3 0.706745;
2479 knob3 0.727273;
2488 note 83 100;
2489 knob3 0.73998;
2521 knob3 0.760508;
2535 note 83 0;
2552 knob3 0.790811;
2585 note 83 100;
2586 knob3 0.828934;
2626 knob3 0.864125;
2638 knob3 0.88172;
2645 note 83 0;
2668 knob3 0.897361;
2682 note 83 0;
2682 note 79 0;
2682 note 76 0;
2682 note 72 0;
2683 note 83 100;
2696 note 76 100;
2702 note 79 100;
2703 knob3 0.913001;
2706 note 72 100;
2716 note 83 0;
2716 note 76 0;
2716 note 79 0;
2716 note 72 0;
2717 note 83 100;
2729 note 76 100;
2735 note 79 100;
2739 note 72 100;
2739 knob3 0.931574;
2776 knob3 0.945259;
2791 knob3 0.949169;
2852 knob3 0.944282;
2886 knob3 0.872923;
2893 note 72 0;
2894 note 76 0;
2903 note 79 0;
2906 note 60 100;
2914 note 83 0;
2920 note 67 100;
2922 note 71 100;
2926 note 64 100;
2926 knob3 0.737048;
2940 knob3 0.639296;
2966 knob3 0.467253;
2999 knob3 0.319648;
3033 knob3 0.185728;
3056 note 71 0;
3068 note 64 0;
3070 note 60 0;
3071 knob3 0.119257;
3074 note 67 0;
3084 knob3 0.102639;
3114 knob3 0.0987292;
3179 note 71 100;
3184 note 60 100;
3189 note 67 100;
3190 note 64 100;
3214 knob3 0.086999;
3254 knob3 0.0801564;
3361 note 71 0;
3363 knob3 0.102639;
3367 note 83 100;
3373 note 79 100;
3375 note 67 0;
3384 note 76 100;
3390 note 72 100;
3391 note 64 0;
3395 note 60 0;
3398 note 83 100;
3400 knob3 0.14956;
3433 knob3 0.202346;
3450 note 83 0;
3450 knob3 0.225806;
3455 note 83 100;
3456 note 83 0;
3477 knob3 0.238514;
3511 knob3 0.27957;
3548 knob3 0.301075;
3550 note 83 100;
3582 knob3 0.30694;
3621 note 83 0;
3627 knob3 0.316716;
3657 knob3 0.334311;
3696 knob3 0.361681;
3711 note 83 100;
3733 knob3 0.40176;
3745 knob3 0.416422;
3776 note 83 0;
3777 knob3 0.42131;
3806 knob3 0.431085;
3842 knob3 0.451613;
3847 note 83 100;
3881 knob3 0.459433;
3894 note 83 0;
3916 knob3 0.478983;
3926 knob3 0.483871;
3944 note 83 100;
3955 knob3 0.490714;
4004 note 83 0;
4016 knob3 0.494624;
4041 note 83 0;
4041 note 79 0;
4041 note 76 0;
4041 note 72 0;
4042 note 83 100;
4055 note 76 100;
4061 note 79 100;
4065 note 72 100;
4075 note 83 0;
4075 note 76 0;
4075 note 79 0;
4075 note 72 0;
4076 note 83 100;
4088 note 76 100;
4094 note 79 100;
4098 note 72 100;
4213 knob3 0.445748;
4222 knob3 0.420332;
4252 note 72 0;
4252 knob3 0.374389;
4253 note 76 0;
4262 note 79 0;
4265 note 60 100;
4273 note 83 0;
4279 note 67 100;
4281 note 71 100;
4285 note 64 100;
4290 knob3 0.298143;
4325 knob3 0.188661;
4362 knob3 0.0684262;
4373 knob3 0;
4415 note 71 0;
4427 note 64 0;
4429 note 60 0;
4433 note 67 0;
4538 note 71 100;
4543 note 60 100;
4548 note 67 100;
4549 note 64 100;
4704 knob3 0.0615836;
4720 note 71 0;
4726 note 83 100;
4732 note 79 100;
4734 note 67 0;
4738 knob3 0.219941;
4743 note 76 100;
4749 note 72 100;
4750 note 64 0;
4754 note 60 0;
4757 note 83 100;
4774 knob3 0.430108;
4809 note 83 0;
4812 knob3 0.557185;
4814 note 83 100;
4815 note 83 0;
4826 knob3 0.600196;
4859 knob3 0.615836;
4884 knob3 0.625611;
4909 note 83 100;
4922 knob3 0.647116;
4960 knob3 0.674487;
4974 knob3 0.698925;
4980 note 83 0;
5003 knob3 0.726295;
5035 knob3 0.759531;
5068 knob3 0.817204;
5070 note 83 100;
5105 knob3 0.878788;
5119 knob3 0.903226;
5135 note 83 0;
5149 knob3 0.932551;
5183 knob3 0.957967;
5206 note 83 100;
5220 knob3 0.979472;
5253 note 83 0;
5258 knob3 1;
5303 note 83 100;
5363 note 83 0;
5400 note 83 0;
5400 note 79 0;
5400 note 76 0;
5400 note 72 0;
5401 note 83 100;
5414 note 76 100;
5420 note 79 100;
5424 note 72 100;
5434 note 83 0;
5434 note 76 0;
5434 note 79 0;
5434 note 72 0;
5435 note 83 100;
5447 note 76 100;
5453 note 79 100;
5457 note 72 100;
5590 knob3 0.889541;
5603 knob3 0.826002;
5611 note 72 0;
5612 note 76 0;
5621 note 79 0;
5624 note 60 100;
5631 knob3 0.7087;
5632 note 83 0;
5638 note 67 100;
5640 note 71 100;
5644 note 64 100;
5667 knob3 0.502444;
5703 knob3 0.289345;
5740 knob3 0.152493;
5750 knob3 0.109482;
5774 note 71 0;
5779 knob3 0.0664712;
5786 note 64 0;
5788 note 60 0;
5792 note 67 0;
5817 knob3 0;
5897 note 71 100;
5902 note 60 100;
5907 note 67 100;
5908 note 64 100;
6076 knob3 0.0215054;
6079 note 71 0;
6085 note 83 100;
6091 note 79 100;
6093 note 67 0;
6102 note 76 100;
6108 note 72 100;
6109 note 64 0;
6113 note 60 0;
6115 knob3 0.104594;
6116 note 83 100;
6149 knob3 0.190616;
6168 note 83 0;
6173 note 83 100;
6174 note 83 0;
6186 knob3 0.269795;
6197 knob3 0.293255;
6227 knob3 0.300098;
6260 knob3 0.308895;
6268 note 83 100;
6298 knob3 0.317693;
6339 note 83 0;
6375 knob3 0.322581;
6410 knob3 0.336266;
6429 note 83 100;
6447 knob3 0.359726;
6485 knob3 0.387097;
6494 note 83 0;
6495 knob3 0.395894;
6560 knob3 0.407625;
6565 note 83 100;
6599 knob3 0.416422;
6612 note 83 0;
6633 knob3 0.42131;
6648 knob3 0.430108;
6662 note 83 100;
6679 knob3 0.460411;
6712 knob3 0.478006;
6722 note 83 0;
6750 knob3 0.485826;
6759 note 83 0;
6759 note 79 0;
6759 note 76 0;
6759 note 72 0;
6760 note 83 100;
6773 note 76 100;
6779 note 79 100;
6783 note 72 100;
6790 knob3 0.488759;
6793 note 83 0;
6793 note 76 0;
6793 note 79 0;
6793 note 72 0;
6794 note 83 100;
6806 note 76 100;
6812 note 79 100;
6816 note 72 100;
6949 knob3 0.469208;
6970 note 72 0;
6971 note 76 0;
6980 note 79 0;
6981 knob3 0.407625;
6983 note 60 100;
6991 note 83 0;
6997 note 67 100;
6999 note 71 100;
7003 note 64 100;
7013 knob3 0.302053;
7050 knob3 0.16911;
7089 knob3 0.0596285;
7099 knob3 0;
7133 note 71 0;
7145 note 64 0;
7147 note 60 0;
7151 note 67 0;
7256 note 71 100;
7261 note 60 100;
7266 note 67 100;
7267 note 64 100;
7381 knob3 0.0742913;
7420 knob3 0.189638;
7430 knob3 0.258065;
7438 note 71 0;
7444 note 83 100;
7450 note 79 100;
7452 note 67 0;
7460 knob3 0.376344;
7461 note 76 100;
7467 note 72 100;
7468 note 64 0;
7472 note 60 0;
7475 note 83 100;
7494 knob3 0.478983;
7527 note 83 0;
7528 knob3 0.55914;
7532 note 83 100;
7533 note 83 0;
7565 knob3 0.579668;
7579 knob3 0.584555;
7627 note 83 100;
7679 knob3 0.604106;
7698 note 83 0;
7718 knob3 0.632454;
7727 knob3 0.647116;
7760 knob3 0.663734;
7788 note 83 100;
7794 knob3 0.678397;
7830 knob3 0.699902;
7853 note 83 0;
7866 knob3 0.721408;
7876 knob3 0.729228;
7908 knob3 0.739003;
7924 note 83 100;
7943 knob3 0.748778;
7971 note 83 0;
7981 knob3 0.768328;
7995 knob3 0.779081;
8021 note 83 100;
8024 knob3 0.801564;
8053 knob3 0.833822;
8081 note 83 0;
8091 knob3 0.891496;
8118 note 83 0;
8118 note 79 0;
8118 note 76 0;
8118 note 72 0;
8119 note 83 100;
8130 knob3 0.961877;
8132 note 76 100;
8138 note 79 100;
8142 note 72 100;
8145 knob3 1;
8152 note 83 0;
8152 note 76 0;
8152 note 79 0;
8152 note 72 0;
8153 note 83 100;
8165 note 76 100;
8171 note 79 100;
8175 note 72 100;
8314 knob3 0.926686;
8325 knob3 0.851417;
8329 note 72 0;
8330 note 76 0;
8339 note 79 0;
8342 note 60 100;
8350 note 83 0;
8355 knob3 0.702835;
8356 note 67 100;
8358 note 71 100;
8362 note 64 100;
8390 knob3 0.535679;
8428 knob3 0.406647;
8464 knob3 0.312805;
8477 knob3 0.277615;
8492 note 71 0;
8504 note 64 0;
8506 note 60 0;
8507 knob3 0.236559;
8510 note 67 0;
8539 knob3 0.194526;
8580 knob3 0.147605;
8615 note 71 100;
8617 knob3 0.121212;
8620 note 60 100;
8625 note 67 100;
8626 note 64 100;
8627 knob3 0.106549;
8658 knob3 0.0821114;
8692 knob3 0.0449658;
8731 knob3 0.0312805;
8745 knob3 0.028348;
8797 note 71 0;
8803 note 83 100;
8809 note 79 100;
8810 knob3 0.0342131;
8811 note 67 0;
8820 note 76 100;
8826 note 72 100;
8827 note 64 0;
8831 note 60 0;
8834 note 83 100;
8845 knob3 0.0928641;
8881 knob3 0.134897;
8886 note 83 0;
8891 note 83 100;
8892 note 83 0;
8919 knob3 0.15738;
8928 knob3 0.168133;
8958 knob3 0.173998;
8986 note 83 100;
8991 knob3 0.184751;
9027 knob3 0.205279;
9057 note 83 0;
9064 knob3 0.233627;
9080 knob3 0.254154;
9109 knob3 0.27566;
9139 knob3 0.29521;
9147 note 83 100;
9176 knob3 0.346041;
9211 knob3 0.414467;
9212 note 83 0;
9248 knob3 0.491691;
9259 knob3 0.526882;
9283 note 83 100;
9293 knob3 0.571847;
9323 knob3 0.621701;
9330 note 83 0;
9360 knob3 0.686217;
9380 note 83 100;
9398 knob3 0.748778;
9408 knob3 0.774194;
9437 knob3 0.797654;
9440 note 83 0;
9470 knob3 0.810362;
9477 note 83 0;
9477 note 79 0;
9477 note 76 0;
9477 note 72 0;
9478 note 83 100;
9491 note 76 100;
9497 note 79 100;
9501 note 72 100;
9508 knob3 0.815249;
9511 note 83 0;
9511 note 76 0;
9511 note 79 0;
9511 note 72 0;
9512 note 83 100;
9524 note 76 100;
9530 note 79 100;
9534 note 72 100;
9618 knob3 0.783969;
9655 knob3 0.682307;
9688 note 72 0;
9689 note 76 0;
9691 knob3 0.496579;
9698 note 79 0;
9701 note 60 100;
9709 note 83 0;
9715 note 67 100;
9717 note 71 100;
9721 note 64 100;
9731 knob3 0.326491;
9741 knob3 0.260997;
9770 knob3 0.200391;
9804 knob3 0.176931;
9842 knob3 0.171065;
9851 note 71 0;
9863 note 64 0;
9865 note 60 0;
9869 note 67 0;
9974 note 71 100;
9979 note 60 100;
9984 note 67 100;
9985 note 64 100;
10068 knob3 0.232649;
10104 knob3 0.375367;
10137 knob3 0.625611;
10156 note 71 0;
10162 note 83 100;
10168 note 79 100;
10170 note 67 0;
10175 knob3 0.822092;
10179 note 76 100;
10185 note 72 100;
10186 note 64 0;
10190 note 60 0;
10193 note 83 100;
10195 knob3 0.912023;
10222 knob3 1;
10245 note 83 0;
10250 note 83 100;
10251 note 83 0;
10345 note 83 100;
10416 note 83 0;
10506 note 83 100;
10571 note 83 0;
10642 note 83 100;
10689 note 83 0;
10739 note 83 100;
10740 knob3 0.967742;
10773 knob3 0.875855;
10799 note 83 0;
10804 knob3 0.755621;
10836 note 83 0;
10836 note 79 0;
10836 note 76 0;
10836 note 72 0;
10837 note 83 100;
10840 knob3 0.581623;
10850 note 76 100;
10856 note 79 100;
10860 note 72 100;
10870 note 83 0;
10870 note 76 0;
10870 note 79 0;
10870 note 72 0;
10871 note 83 100;
10877 knob3 0.373412;
10883 note 76 100;
10889 note 79 100;
10893 note 72 100;
10914 knob3 0.186706;
10927 knob3 0.0957967;
10954 knob3 0;
11047 note 72 0;
11048 note 76 0;
11057 note 79 0;
11058 note 83 0;
