0 length 3009;
0 note 71 100;
5 note 77 100;
6 note 81 100;
9 note 74 100;
272 knob4 0.0273705;
300 knob4 0.0811339;
329 knob4 0.128055;
361 knob4 0.158358;
388 knob4 0.186706;
417 knob4 0.240469;
446 knob4 0.292278;
478 knob4 0.312805;
505 knob4 0.319648;
523 note 74 0;
528 note 71 0;
531 note 77 0;
535 note 81 0;
622 knob4 0.313783;
648 note 71 100;
651 knob4 0.28348;
659 note 74 100;
660 note 77 100;
668 note 81 100;
681 knob4 0.256109;
711 knob4 0.243402;
741 knob4 0.240469;
799 knob4 0.226784;
819 note 74 0;
823 note 81 0;
826 note 71 0;
826 note 77 0;
828 knob4 0.223851;
857 knob4 0.273705;
888 knob4 0.339198;
915 knob4 0.369501;
938 note 71 100;
939 note 77 100;
946 knob4 0.377322;
949 note 74 100;
949 note 81 100;
1040 note 81 0;
1056 note 74 0;
1064 knob4 0.347019;
1065 note 71 0;
1065 note 77 0;
1092 knob4 0.292278;
1121 knob4 0.272727;
1149 knob4 0.26784;
1192 note 77 100;
1194 note 71 100;
1197 note 74 100;
1279 note 71 0;
1283 note 74 0;
1297 note 77 0;
1360 knob3 0.136852;
1372 note 77 100;
1380 note 71 100;
1382 note 74 100;
1389 knob3 0.207234;
1406 note 81 100;
1418 knob3 0.290323;
1446 knob3 0.363636;
1475 knob3 0.420332;
1504 knob3 0.468231;
1534 knob3 0.488759;
1562 knob3 0.509286;
1592 knob3 0.54741;
1620 knob3 0.576735;
1622 note 74 0;
1626 note 71 0;
1634 note 77 0;
1635 note 81 0;
1651 knob3 0.583578;
1706 note 77 100;
1710 note 71 100;
1718 note 81 100;
1726 note 74 100;
1799 knob3 0.620723;
1828 knob3 0.661779;
1857 knob3 0.713587;
1886 knob3 0.752688;
1907 note 81 0;
1915 knob3 0.777126;
1917 note 74 0;
1921 note 71 0;
1929 note 77 0;
1945 knob3 0.782991;
2003 knob3 0.779081;
2031 knob3 0.755621;
2052 note 77 100;
2061 knob3 0.719453;
2065 note 74 100;
2075 note 71 100;
2090 knob3 0.679374;
2119 knob3 0.617791;
2132 note 81 100;
2149 knob3 0.541544;
2177 knob3 0.470186;
2206 knob3 0.414467;
2236 knob3 0.358749;
2259 note 74 0;
2266 knob3 0.314761;
2267 note 71 0;
2283 note 77 0;
2287 note 81 0;
2295 knob3 0.293255;
2325 knob3 0.270772;
2355 knob3 0.243402;
2387 knob3 0.218964;
2388 note 77 100;
2390 note 81 100;
2401 note 71 100;
2404 note 74 100;
2415 knob3 0.187683;
2444 knob3 0.162268;
2474 knob3 0.142717;
2501 note 81 0;
2503 knob3 0.127077;
2509 note 71 0;
2512 note 74 0;
2523 note 77 0;
2531 knob3 0.113392;
2560 knob3 0.102639;
2590 knob3 0.086999;
2599 note 77 100;
2605 note 74 100;
2610 note 71 100;
2619 knob3 0.0508309;
2621 note 81 100;
2648 knob3 0;
2717 note 81 0;
2730 note 71 0;
2731 note 74 0;
2739 note 77 0;
2809 note 77 100;
2813 note 74 100;
2815 note 71 100;
2820 note 81 100;
