42.0862 1-seqq1 2 0.124145;
49.3424 1-seqq1 2 0.183773;
50.7937 1-seqq1 2 0.260997;
21.7687 1-seqq1 2 0.304985;
40.6349 1-seqq1 2 0.355816;
40.6349 1-seqq1 2 0.400782;
46.4399 1-seqq1 2 0.44868;
52.2449 1-seqq1 2 0.505376;
21.7687 1-seqq1 2 0.542522;
42.0862 1-seqq1 2 0.583578;
39.1837 1-seqq1 2 0.620723;
46.4399 1-seqq1 2 0.653959;
52.2449 1-seqq1 2 0.695015;
21.7687 1-seqq1 2 0.721408;
40.6349 1-seqq1 2 0.754643;
40.6349 1-seqq1 2 0.783969;
47.8912 1-seqq1 2 0.814272;
52.2449 1-seqq1 2 0.843597;
20.3175 1-seqq1 2 0.86217;
42.0862 1-seqq1 2 0.889541;
40.6349 1-seqq1 2 0.917889;
49.3424 1-seqq1 2 0.954057;
50.7937 1-seqq1 2 0.983382;
20.3175 1-seqq1 2 0.990225;
1721.18 1-seqq1 0;
