50.7937 1-seqq1 2 0.207234;
52.2449 1-seqq1 2 0.541544;
21.7687 1-seqq1 2 0.756598;
37.7324 1-seqq1 2 1;
204.626 1-seqq1 2 0.974585;
40.6349 1-seqq1 2 0.87781;
49.3424 1-seqq1 2 0.735093;
50.7937 1-seqq1 2 0.568915;
18.8662 1-seqq1 2 0.526882;
40.6349 1-seqq1 2 0.589443;
43.5374 1-seqq1 2 0.739003;
55.1474 1-seqq1 2 0.801564;
47.8912 1-seqq1 2 0.593353;
14.5125 1-seqq1 2 0.494624;
40.6349 1-seqq1 2 0.480938;
47.8912 1-seqq1 2 0.671554;
55.1474 1-seqq1 2 0.760508;
18.8662 1-seqq1 2 0.709677;
40.6349 1-seqq1 2 0.522972;
40.6349 1-seqq1 2 0.459433;
47.8912 1-seqq1 2 0.619746;
50.7937 1-seqq1 2 0.688172;
23.22 1-seqq1 2 0.607038;
40.6349 1-seqq1 2 0.350929;
40.6349 1-seqq1 2 0.290323;
47.8912 1-seqq1 2 0.503421;
50.7937 1-seqq1 2 0.603128;
26.1224 1-seqq1 2 0.537634;
37.7324 1-seqq1 2 0.319648;
40.6349 1-seqq1 2 0.264907;
50.7937 1-seqq1 2 0.396872;
49.3424 1-seqq1 2 0.42522;
21.7687 1-seqq1 2 0.313783;
40.6349 1-seqq1 2 0.177908;
43.5374 1-seqq1 2 0.15347;
49.3424 1-seqq1 2 0.272727;
50.7937 1-seqq1 2 0.30303;
18.8662 1-seqq1 2 0.260997;
40.6349 1-seqq1 2 0.187683;
43.5374 1-seqq1 2 0.167155;
50.7937 1-seqq1 2 0.323558;
55.1474 1-seqq1 2 0.687195;
11.61 1-seqq1 2 0.820137;
40.6349 1-seqq1 2 0.879765;
47.8912 1-seqq1 2 0.904203;
50.7937 1-seqq1 2 0.956012;
47.8912 1-seqq1 2 1;
58.0499 1-seqq1 2 0.986315;
46.4399 1-seqq1 2 0.756598;
50.7937 1-seqq1 2 0.362659;
21.7687 1-seqq1 2 0.192571;
40.6349 1-seqq1 2 0.14174;
43.5374 1-seqq1 2 0.26784;
49.3424 1-seqq1 2 0.680352;
49.3424 1-seqq1 2 0.848485;
20.3175 1-seqq1 2 0.8348;
40.6349 1-seqq1 2 0.583578;
43.5374 1-seqq1 2 0.389052;
49.3424 1-seqq1 2 0.322581;
52.2449 1-seqq1 2 0.54741;
18.8662 1-seqq1 2 0.761486;
40.6349 1-seqq1 2 0.875855;
40.6349 1-seqq1 2 0.770283;
47.8912 1-seqq1 2 0.441838;
52.2449 1-seqq1 2 0.424242;
21.7687 1-seqq1 2 0.564027;
39.1837 1-seqq1 2 0.810362;
44.9887 1-seqq1 2 0.86608;
49.3424 1-seqq1 2 0.550342;
49.3424 1-seqq1 2 0.378299;
21.7687 1-seqq1 2 0.395894;
37.7324 1-seqq1 2 0.674487;
40.6349 1-seqq1 2 0.828934;
50.7937 1-seqq1 2 0.726295;
50.7937 1-seqq1 2 0.442815;
21.7687 1-seqq1 2 0.372434;
39.1837 1-seqq1 2 0.512219;
43.5374 1-seqq1 2 0.755621;
49.3424 1-seqq1 2 0.784946;
50.7937 1-seqq1 2 0.527859;
17.415 1-seqq1 2 0.460411;
40.6349 1-seqq1 2 0.490714;
44.9887 1-seqq1 2 0.68915;
50.7937 1-seqq1 2 0.692082;
50.7937 1-seqq1 2 0.434995;
18.8662 1-seqq1 2 0.367546;
37.7324 1-seqq1 2 0.415445;
47.8912 1-seqq1 2 0.792766;
52.2449 1-seqq1 2 1;
497.778 1-seqq1 0;
