12.2902 1-seqq1 3 0.146628;
43.5374 1-seqq1 3 0.183773;
52.2449 1-seqq1 3 0.166178;
50.7937 1-seqq1 3 0.0557185;
14.5125 1-seqq1 3 0.0205279;
42.0862 1-seqq1 3 0.0615836;
43.5374 1-seqq1 3 0.217986;
52.2449 1-seqq1 3 0.162268;
50.7937 1-seqq1 3 0;
201.723 1-seqq1 2 0.178886;
14.5125 1-seqq1 2 0.273705;
42.0862 1-seqq1 2 0.318671;
43.5374 1-seqq1 2 0.247312;
52.2449 1-seqq1 2 0.171065;
50.7937 1-seqq1 2 0.0899316;
17.415 1-seqq1 2 0.0723363;
39.1837 1-seqq1 2 0.0654936;
754.648 1-seqq1 3 0.0733138;
18.8662 1-seqq1 3 0.220919;
40.6349 1-seqq1 3 0.365591;
40.6349 1-seqq1 3 0.40176;
49.3424 1-seqq1 3 0.410557;
53.6961 1-seqq1 3 0.422287;
18.8662 1-seqq1 3 0.492669;
39.1837 1-seqq1 3 0.765396;
42.0862 1-seqq1 3 0.832845;
49.3424 1-seqq1 3 0.85044;
53.6961 1-seqq1 3 0.85435;
76.9161 1-seqq1 0;
