40.6349 1-seqq1 1 0.478983;
42.0862 1-seqq1 1 0.439883;
50.7937 1-seqq1 1 0.400782;
52.2449 1-seqq1 1 0.364614;
15.9637 1-seqq1 1 0.348974;
40.6349 1-seqq1 1 0.339198;
44.9887 1-seqq1 1 0.324536;
50.7937 1-seqq1 1 0.304985;
49.3424 1-seqq1 1 0.297165;
1063.76 1-seqq1 2 0.857283;
18.8662 1-seqq1 2 0.733138;
42.0862 1-seqq1 2 0.481916;
40.6349 1-seqq1 2 0.281525;
52.2449 1-seqq1 2 0.231672;
47.8912 1-seqq1 2 0.218964;
18.8662 1-seqq1 2 0.216031;
653.061 1-seqq1 3 0.920821;
40.6349 1-seqq1 3 0.801564;
53.6961 1-seqq1 3 0.614858;
50.7937 1-seqq1 3 0.499511;
15.9637 1-seqq1 3 0.470186;
43.5374 1-seqq1 3 0.463343;
499.229 1-seqq1 4 0.0860215;
52.2449 1-seqq1 4 0.224829;
14.5125 1-seqq1 4 0.293255;
40.6349 1-seqq1 4 0.391007;
43.5374 1-seqq1 4 0.464321;
52.2449 1-seqq1 4 0.520039;
52.2449 1-seqq1 4 0.561095;
14.5125 1-seqq1 4 0.577713;
40.6349 1-seqq1 4 0.599218;
43.5374 1-seqq1 4 0.631476;
52.2449 1-seqq1 4 0.662757;
47.8912 1-seqq1 4 0.702835;
18.8662 1-seqq1 4 0.727273;
43.5374 1-seqq1 4 0.763441;
40.6349 1-seqq1 4 0.778104;
53.6961 1-seqq1 4 0.805474;
49.3424 1-seqq1 4 0.814272;
17.415 1-seqq1 4 0.85435;
39.1837 1-seqq1 4 0.88172;
46.4399 1-seqq1 4 0.898338;
52.2449 1-seqq1 4 0.904203;
2255.24 1-seqq1 0;
