40.6349 1-seqq1 3 0.0439883;
43.5374 1-seqq1 3 0.0957967;
50.7937 1-seqq1 3 0.1652;
50.7937 1-seqq1 3 0.255132;
17.415 1-seqq1 3 0.30694;
40.6349 1-seqq1 3 0.370479;
40.6349 1-seqq1 3 0.441838;
52.2449 1-seqq1 3 0.548387;
49.3424 1-seqq1 3 0.686217;
21.7687 1-seqq1 3 0.782014;
37.7324 1-seqq1 3 0.922776;
42.0862 1-seqq1 3 1;
203.175 1-seqq1 3 0.994135;
49.3424 1-seqq1 3 0.919844;
50.7937 1-seqq1 3 0.798631;
20.3175 1-seqq1 3 0.706745;
42.0862 1-seqq1 3 0.568915;
39.1837 1-seqq1 3 0.426197;
49.3424 1-seqq1 3 0.277615;
50.7937 1-seqq1 3 0.129032;
23.22 1-seqq1 3 0.0498534;
39.1837 1-seqq1 3 0;
401.995 1-seqq1 0;
