50.7937 1-seqq1 2 0.124145;
52.2449 1-seqq1 2 0.311828;
17.415 1-seqq1 2 0.424242;
39.1837 1-seqq1 2 0.657869;
43.5374 1-seqq1 2 0.879765;
52.2449 1-seqq1 2 1;
313.469 1-seqq1 2 0.958944;
44.9887 1-seqq1 2 0.784946;
50.7937 1-seqq1 2 0.510264;
26.1224 1-seqq1 2 0.350929;
37.7324 1-seqq1 2 0.148583;
40.6349 1-seqq1 2 0;
204.626 1-seqq1 2 0.0713587;
52.2449 1-seqq1 2 0.272727;
49.3424 1-seqq1 2 0.528837;
18.8662 1-seqq1 2 0.674487;
40.6349 1-seqq1 2 0.8348;
43.5374 1-seqq1 2 1;
201.723 1-seqq1 2 0.930596;
49.3424 1-seqq1 2 0.705767;
50.7937 1-seqq1 2 0.472141;
21.7687 1-seqq1 2 0.360704;
37.7324 1-seqq1 2 0.249267;
43.5374 1-seqq1 2 0.112414;
49.3424 1-seqq1 2 0;
837.37 1-seqq1 0;
