62.4036 1-seqq1 2 0.148583;
21.7687 1-seqq1 2 0;
119.002 1-seqq1 2 0.0215054;
62.4036 1-seqq1 2 0.412512;
20.3175 1-seqq1 2 0.624633;
40.6349 1-seqq1 2 0.707722;
43.5374 1-seqq1 2 0.540567;
49.3424 1-seqq1 2 0.144673;
50.7937 1-seqq1 2 0.0508309;
17.415 1-seqq1 2 0.109482;
40.6349 1-seqq1 2 0.324536;
40.6349 1-seqq1 2 0.394917;
52.2449 1-seqq1 2 0.170088;
50.7937 1-seqq1 2 0.138807;
21.7687 1-seqq1 2 0.231672;
37.7324 1-seqq1 2 0.438905;
40.6349 1-seqq1 2 0.484848;
52.2449 1-seqq1 2 0.215054;
50.7937 1-seqq1 2 0.054741;
20.3175 1-seqq1 2 0.0674487;
39.1837 1-seqq1 2 0.313783;
40.6349 1-seqq1 2 0.601173;
52.2449 1-seqq1 2 0.71652;
50.7937 1-seqq1 2 0.812317;
18.8662 1-seqq1 2 0.906158;
42.0862 1-seqq1 2 0.974585;
39.1837 1-seqq1 2 0.99218;
52.2449 1-seqq1 2 0.99609;
71.1111 1-seqq1 2 0.890518;
39.1837 1-seqq1 2 0.597263;
40.6349 1-seqq1 2 0.257087;
52.2449 1-seqq1 2 0.113392;
50.7937 1-seqq1 2 0.213099;
20.3175 1-seqq1 2 0.363636;
39.1837 1-seqq1 2 0.643206;
40.6349 1-seqq1 2 0.73216;
52.2449 1-seqq1 2 0.470186;
50.7937 1-seqq1 2 0.244379;
20.3175 1-seqq1 2 0.213099;
39.1837 1-seqq1 2 0.416422;
40.6349 1-seqq1 2 0.623656;
52.2449 1-seqq1 2 0.604106;
50.7937 1-seqq1 2 0.347019;
18.8662 1-seqq1 2 0.229717;
40.6349 1-seqq1 2 0.241447;
40.6349 1-seqq1 2 0.403715;
52.2449 1-seqq1 2 0.45259;
47.8912 1-seqq1 2 0.464321;
20.3175 1-seqq1 0;
