44.9887 1-seqq1 2 0.0742913;
49.3424 1-seqq1 2 0.127077;
47.8912 1-seqq1 2 0.181818;
18.8662 1-seqq1 2 0.206256;
42.0862 1-seqq1 2 0.254154;
40.6349 1-seqq1 2 0.312805;
50.7937 1-seqq1 2 0.372434;
50.7937 1-seqq1 2 0.43304;
21.7687 1-seqq1 2 0.465298;
37.7324 1-seqq1 2 0.512219;
44.9887 1-seqq1 2 0.568915;
47.8912 1-seqq1 2 0.626588;
52.2449 1-seqq1 2 0.694037;
21.7687 1-seqq1 2 0.730205;
40.6349 1-seqq1 2 0.785924;
42.0862 1-seqq1 2 0.848485;
49.3424 1-seqq1 2 0.918866;
47.8912 1-seqq1 2 1;
412.154 1-seqq1 2 0.933529;
14.5125 1-seqq1 2 0.896383;
42.0862 1-seqq1 2 0.827957;
43.5374 1-seqq1 2 0.738025;
50.7937 1-seqq1 2 0.623656;
52.2449 1-seqq1 2 0.513196;
18.8662 1-seqq1 2 0.463343;
37.7324 1-seqq1 2 0.388074;
44.9887 1-seqq1 2 0.308895;
50.7937 1-seqq1 2 0.223851;
50.7937 1-seqq1 2 0.1261;
18.8662 1-seqq1 2 0.0840665;
37.7324 1-seqq1 2 0.0322581;
47.8912 1-seqq1 2 0;
