0 length 2808;
0 note 69 100;
51 note 69 0;
65 note 71 100;
170 note 71 0;
194 note 72 100;
296 note 60 100;
355 note 72 0;
497 note 64 100;
815 note 64 0;
845 note 74 100;
849 note 60 0;
858 note 83 100;
954 note 74 0;
972 note 83 0;
1158 note 83 100;
1174 note 76 100;
1182 note 79 100;
1299 note 76 0;
1305 note 79 0;
1323 note 83 0;
1484 note 81 100;
1485 note 74 100;
1511 note 77 100;
2128 knob2 0.553275;
2155 knob2 0.695015;
2186 knob2 0.848485;
2215 knob2 0.890518;
2243 knob2 0.852395;
2272 knob2 0.800587;
2302 knob2 0.734115;
2331 knob2 0.637341;
2359 knob2 0.55523;
2388 knob2 0.534702;
2418 knob2 0.593353;
2447 knob2 0.646139;
2476 knob2 0.665689;
2504 knob2 0.692082;
2533 knob2 0.730205;
2563 knob2 0.757576;
2592 knob2 0.764418;
2740 note 74 0;
2743 note 77 0;
2757 note 81 0;
