0 length 1784;
0 note 72 100;
27 note 72 0;
116 note 72 100;
177 note 72 0;
242 note 72 100;
311 note 72 0;
354 knob2 0.824047;
365 note 72 100;
369 knob2 0.860215;
394 knob2 0.948192;
419 knob2 1;
429 note 72 0;
484 note 72 100;
557 note 72 0;
580 knob2 0.962854;
610 note 72 100;
621 knob2 0.762463;
636 knob2 0.660802;
663 knob2 0.511241;
679 note 72 0;
689 knob2 0.391984;
716 note 72 100;
725 knob2 0.347996;
757 knob2 0.337243;
768 knob2 0.334311;
774 note 72 0;
797 knob2 0.330401;
824 knob2 0.314761;
830 note 72 100;
858 knob2 0.248289;
887 note 72 0;
890 knob2 0.147605;
902 knob2 0.0977517;
930 knob2 0.0459433;
936 note 72 100;
959 knob2 0.0195503;
992 knob2 0.026393;
993 note 72 0;
1026 knob2 0.109482;
1029 note 72 100;
1040 knob2 0.173998;
1066 knob2 0.266862;
1086 note 72 0;
1095 knob2 0.362659;
1128 knob2 0.459433;
1130 note 72 100;
1160 knob2 0.583578;
1175 note 72 0;
1180 knob2 0.664712;
1202 knob2 0.727273;
1223 note 72 100;
1231 knob2 0.759531;
1260 note 72 0;
1264 knob2 0.770283;
1298 knob2 0.773216;
1302 note 72 100;
1338 knob2 0.686217;
1351 note 72 0;
1366 knob2 0.488759;
1379 note 72 100;
1396 knob2 0.350929;
1427 note 72 0;
1431 knob2 0.258065;
1460 note 72 100;
1464 knob2 0.196481;
1475 knob2 0.174976;
1505 knob2 0.167155;
1511 note 72 0;
1532 knob2 0.196481;
1566 knob2 0.372434;
1598 knob2 0.597263;
1611 knob2 0.679374;
1639 knob2 0.735093;
1667 knob2 0.755621;
1700 knob2 0.760508;
