0 length 2688;
0 note 71 100;
138 note 71 0;
185 knob2 0.298143;
215 knob2 0.317693;
248 knob2 0.340176;
285 note 71 100;
289 knob2 0.364614;
321 knob2 0.375367;
334 knob2 0.378299;
376 note 71 0;
479 note 71 100;
542 knob2 0.366569;
580 knob2 0.354839;
581 note 71 0;
616 knob2 0.343109;
632 knob2 0.337243;
663 knob2 0.330401;
682 note 71 100;
693 knob2 0.322581;
732 knob2 0.315738;
769 knob2 0.31085;
770 note 71 0;
786 knob2 0.30694;
804 note 71 100;
815 knob2 0.302053;
842 knob2 0.296188;
876 knob2 0.290323;
917 knob2 0.284457;
925 note 71 0;
1003 note 71 100;
1019 knob2 0.288368;
1061 knob2 0.294233;
1080 knob2 0.297165;
1088 note 71 0;
1107 knob2 0.301075;
1138 knob2 0.30694;
1171 knob2 0.314761;
1209 knob2 0.324536;
1227 note 71 100;
1249 knob2 0.330401;
1295 note 71 0;
1356 knob2 0.338221;
1396 knob2 0.345064;
1404 knob2 0.347996;
1435 knob2 0.351906;
1441 note 71 100;
1471 knob2 0.358749;
1499 note 71 0;
1506 knob2 0.371457;
1521 knob2 0.378299;
1551 knob2 0.382209;
1586 note 71 100;
1587 knob2 0.385142;
1635 note 71 0;
1677 knob2 0.381232;
1704 knob2 0.364614;
1714 note 71 100;
1731 knob2 0.352884;
1762 knob2 0.344086;
1782 note 71 0;
1797 knob2 0.339198;
1835 knob2 0.334311;
1845 note 71 100;
1881 knob2 0.330401;
1919 note 71 0;
1942 knob2 0.326491;
1958 note 71 100;
1983 knob2 0.322581;
2015 note 71 0;
2030 knob2 0.317693;
2057 knob2 0.311828;
2086 note 71 100;
2092 knob2 0.30303;
2130 knob2 0.293255;
2146 knob2 0.28739;
2147 note 71 0;
2174 knob2 0.277615;
2200 note 71 100;
2206 knob2 0.27175;
2242 knob2 0.26393;
2271 note 71 0;
2281 knob2 0.254154;
2291 knob2 0.251222;
2320 knob2 0.248289;
2337 note 71 100;
2411 note 71 0;
