0 length 4455;
0 note 74 100;
8 note 77 100;
226 note 71 100;
316 note 64 100;
321 note 65 100;
388 note 71 0;
403 note 77 0;
413 note 74 0;
497 note 64 0;
511 note 74 100;
519 note 77 100;
520 note 71 100;
524 note 65 0;
660 note 71 0;
667 note 77 0;
672 note 74 0;
742 note 71 100;
748 note 74 100;
757 note 77 100;
906 note 77 0;
918 note 74 0;
926 note 71 0;
1053 note 74 100;
1058 note 77 100;
1063 note 71 100;
1285 note 71 0;
1294 note 74 0;
1295 note 77 0;
1361 knob1 0.408602;
1395 note 71 100;
1401 knob1 0.527859;
1406 note 77 100;
1412 note 74 100;
1413 knob1 0.612903;
1446 knob1 0.760508;
1472 knob1 0.855327;
1510 knob1 0.900293;
1540 note 74 0;
1544 note 71 0;
1552 note 77 0;
1552 knob1 0.929619;
1584 knob1 0.938416;
1588 note 71 100;
1595 knob1 0.941349;
1596 note 74 100;
1601 note 77 100;
1682 knob1 0.973607;
1697 note 74 0;
1710 knob1 1;
1730 note 74 100;
1824 note 77 0;
1829 note 74 0;
1840 note 71 0;
1887 note 71 100;
1899 note 74 100;
1903 note 77 100;
1996 note 74 0;
2000 note 77 0;
2004 note 71 0;
2044 note 71 100;
2056 note 74 100;
2065 note 77 100;
2145 note 74 0;
2148 note 71 0;
2152 note 77 0;
2206 note 71 100;
2213 note 74 100;
2216 note 77 100;
2294 knob1 0.844575;
2308 knob1 0.754643;
2324 note 71 0;
2325 note 74 0;
2332 note 77 0;
2337 knob1 0.635386;
2369 knob1 0.520039;
2380 note 71 100;
2390 note 77 100;
2392 note 74 100;
2409 knob1 0.4174;
2444 knob1 0.345064;
2453 note 74 0;
2460 knob1 0.314761;
2469 note 77 0;
2470 note 71 0;
2484 knob1 0.255132;
2520 knob1 0.181818;
2529 note 71 100;
2530 note 77 100;
2533 note 74 100;
2555 knob1 0.109482;
2564 note 77 0;
2568 note 74 0;
2570 note 71 0;
2593 knob1 0.0342131;
2605 knob1 0;
2628 note 71 100;
2637 note 74 100;
2638 note 77 100;
2678 note 71 0;
2681 note 74 0;
2684 note 77 0;
2740 note 71 100;
2745 note 74 100;
2748 note 77 100;
2778 note 77 0;
2785 note 71 0;
2787 note 74 0;
2831 note 71 100;
2839 note 74 100;
2846 note 77 100;
2901 knob1 0.0185728;
2930 knob1 0.0811339;
2937 note 77 0;
2943 note 74 0;
2947 note 71 0;
2963 knob1 0.199413;
2994 note 71 100;
3000 knob1 0.411535;
3001 note 74 100;
3005 note 77 100;
3035 knob1 0.577713;
3048 note 77 0;
3049 note 71 0;
3055 knob1 0.660802;
3059 note 74 0;
3081 knob1 0.755621;
3103 note 71 100;
3111 note 74 100;
3113 note 77 100;
3116 knob1 0.861193;
3147 note 71 0;
3148 knob1 1;
3153 note 77 0;
3155 note 74 0;
3180 note 77 100;
3187 note 74 100;
3189 note 71 100;
3237 note 74 0;
3242 note 71 0;
3245 note 77 0;
3260 note 77 100;
3270 note 71 100;
3278 note 74 100;
3330 note 74 0;
3359 note 74 100;
3425 note 74 0;
3427 note 74 100;
3499 note 74 0;
3506 note 71 0;
3558 note 71 100;
3562 note 74 100;
3601 note 74 0;
3610 note 71 0;
3611 note 77 0;
3644 knob1 0.979472;
3675 knob1 0.913979;
3699 note 71 100;
3704 note 74 100;
3709 knob1 0.828934;
3713 note 77 100;
3741 knob1 0.741935;
3779 knob1 0.692082;
3786 note 71 0;
3787 note 77 0;
3791 note 74 0;
3798 knob1 0.671554;
3824 knob1 0.643206;
3853 knob1 0.615836;
3872 note 71 100;
3885 note 74 100;
3890 knob1 0.572825;
3891 note 77 100;
3925 knob1 0.498534;
3944 knob1 0.459433;
3957 note 74 0;
3964 note 77 0;
3968 note 71 0;
3971 knob1 0.428153;
4000 knob1 0.408602;
4034 knob1 0.392962;
4061 note 71 100;
4066 note 74 100;
4070 note 77 100;
4074 knob1 0.379277;
4108 knob1 0.356794;
4123 knob1 0.345064;
4150 knob1 0.329423;
4182 knob1 0.319648;
4221 note 71 0;
4225 knob1 0.316716;
4230 note 77 0;
4231 note 74 0;
