1 -1 1 -1 1 -1 1 -1 1 -1 1 -1;
1 1 1 1 1 1 1 1 1 1 3 0;
1 1 1 1 1 1 1 1 1 2.7 0 0;
1 1 1 1 1 1 1 1 2.5 0 0 0;
1 1 1 1 1 1 1 2.2 0 0 0 0;
1 1 1 1 1 1 2 0 0 0 0 0;
1 1 1 1 1 2 0 0 0 0 0 0;
1 1 1 1 1.8 0 0 0 0 0 0 0;
1 1 1 1.6 0 0 0 0 0 0 0 0;
1 1 1.4 0 0 0 0 0 0 0 0 0;
1 1.2 0 0 0 0 0 0 0 0 0 0;
1 0 0 0 0 0 0 0 0 0 0 0;
0.5 1 0.5 0.25 0.125 0 0 0 0 0 0 0;
0.25 0.5 1 0.5 0.25 0.125 0 0 0 0 0 0;
0 0.25 0.5 1 0.5 0.25 0.125 0 0 0 0 0;
0 0 0.25 0.5 1 0.5 0.25 0.125 0 0 0 0;
0 0 0 0.25 0.5 1 0.5 0.25 0.125 0 0 0;
0 0 0 0 0.25 0.5 1 0.5 0.25 0.125 0 0;
0 0 0 0 0 0.25 0.5 1 0.5 0.25 0.125 0;
0 0 0 0 0 0 0.25 0.5 1 0.5 0.25 0.125;
0 0 0 0 0 0 0 0.25 0.5 1 0.5 0.25;
0 0 0 0 0 0 0 0 0.25 0.5 1 0.5;
0 0 0 0 0 0 0 0 0 0.25 0.5 1;
1 0 1 0 1 0 1 0 1 0 1 0;
0 0 1 1 1 1 1 1 1 1 1 1;
0 0 0 1 1 1 1 1 1 1 1 1;
