0 length 2381;
0 note 78 100;
98 note 78 0;
290 knob1 0.00977517;
321 knob1 0.0899316;
351 knob1 0.151515;
390 knob1 0.166178;
398 note 78 100;
426 knob1 0.170088;
506 note 78 0;
742 knob1 0.1652;
773 knob1 0.0762463;
792 note 78 100;
806 knob1 0;
878 note 78 0;
1099 knob2 0.660802;
1126 note 78 100;
1140 knob2 0.755621;
1175 knob2 0.779081;
1188 note 78 0;
1194 knob2 0.784946;
1369 knob2 0.797654;
1399 knob2 0.871945;
1441 knob2 0.889541;
1442 note 78 100;
1477 knob2 0.894428;
1526 note 78 0;
1743 note 78 100;
1775 knob2 0.825024;
1788 knob2 0.763441;
1820 knob2 0.742913;
1829 note 78 0;
1854 knob2 0.738025;
2032 note 78 100;
2158 note 78 0;
2174 knob2 0.735093;
