1 2 3 4 5 6 7 8 9 10 11 12 Triangle;
1 2 4 6 8 10 12 14 16 18 20 22 Saw;
1 3 5 7 9 11 13 15 17 19 21 23 Square;
1 2.009 2 4 4.01 8.015 8 16.02 16 32.09 32 64.1 SqRoot;
1 2.01 4.02 6.06 8.08 10.2 12.3 14.5 16.6 18.9 21.01 23.1 Dis.Saw;
1 2 4 8 16 32 26 27 28 29 30 31 Church1;
1 2 4 8 16 20 22 24 28 29 31 32 Church2;
1 0.33 0.5 1 -1 2 3 -5 5 7 9 11 Raphy;
1 1.5 2 2.5 3 3.5 4 4.5 5 5.5 6 6.5 Half;
1 1.25 1.5 1.75 2 2.25 2.5 2.75 3 3.25 3.5 3.75 Quarter;
1 2 4 6.7 8.5 10.6 12.7 15.1 18.3 23.2 24.7 25.1 Dissonant;
1 1.3333 2.4 3.45 4.76 5.66667 6.7 7.8 9.999 10 11.2345 12.6789 Bells
;
1.01 1.02 1.03 1.04 1.05 1.06 1.07 1.08 1.09 1.1 1.11 1.12 Etheral
;
1 1.1 1.2 1.3 1.4 1.5 1.6 1.7 1.8 1.9 2 2.1 .1's;
1 1.333 1.666 1.999 2.333 2.666 2.999 3.333 3.666 3.999 4.333 4.666
.333's;
1 1.001 2 2.001 3 3.001 4 4.001 5 5.001 6 6.001 triSlow;
1 1.005 2 2.005 3 3.005 4 4.005 5 5.005 6 6.005 triMed;
1 1.1 2 2.1 3 3.1 4 4.1 5 5.1 6 6.1 triFast;
1 1.01 2 2.01 4 4.09 8 8.12 16 16.3 32 32.6 Carousel;
1 4 8 12 16 20 24 38 32 36 40 44 4's;
1 3 6 9 12 15 18 21 24 27 30 33 3's;
1 3.01 3 5.03 5 7.04 7 9.01 9 11.03 11 13.06 DisSquare;
