0 length 1923;
0 note 81 100;
0 note 77 100;
30 knob2 0.85826;
59 knob2 0.86217;
116 knob2 0.867058;
145 knob2 0.86999;
175 knob2 0.8739;
204 knob2 0.878788;
234 knob2 0.887586;
263 knob2 0.911046;
293 knob2 0.956012;
323 knob2 1;
412 knob2 0.99218;
443 knob2 0.915934;
473 knob2 0.841642;
490 note 60 100;
493 note 65 100;
500 knob2 0.797654;
518 note 81 0;
530 knob2 0.781036;
534 note 77 0;
560 knob2 0.773216;
592 knob2 0.768328;
619 knob2 0.755621;
650 knob2 0.73216;
678 knob2 0.713587;
708 knob2 0.70088;
737 knob2 0.688172;
762 note 67 100;
767 knob2 0.679374;
795 knob2 0.659824;
826 knob2 0.636364;
841 note 65 0;
854 knob2 0.609971;
883 knob2 0.508309;
915 knob2 0.172043;
922 note 77 100;
942 knob2 0;
986 note 71 100;
1014 note 73 100;
1125 knob2 0.0625611;
1157 knob2 0.207234;
1186 knob2 0.354839;
1193 note 66 100;
1214 knob2 0.437928;
1244 knob2 0.453568;
1274 knob2 0.395894;
1304 knob2 0.316716;
1308 note 73 0;
1312 note 77 0;
1316 note 71 0;
1329 note 67 0;
1332 knob2 0.294233;
1363 knob2 0.319648;
1392 knob2 0.344086;
1405 note 69 100;
1422 knob2 0.352884;
1433 note 71 100;
1451 knob2 0.378299;
1481 knob2 0.437928;
1511 knob2 0.487781;
1542 knob2 0.500489;
1549 note 71 0;
1571 knob2 0.504399;
1632 knob2 0.525904;
1660 knob2 0.554252;
1672 note 69 0;
1673 note 74 100;
1682 note 66 0;
1683 note 60 0;
1684 note 77 100;
1685 note 83 100;
1687 note 78 100;
1689 knob2 0.561095;
1798 note 74 0;
1798 note 77 0;
1798 note 83 0;
1798 note 78 0;
1799 note 81 100;
1800 note 77 100;
1923 note 81 0;
1923 note 77 0;
