1 2 3 4 5 6 7 8 9 10 11 12 13 14 15 16 17 18 19 20 21 22 23 24 25 26
27 28 29 30 31 32 Saw;
1 2 4 6 8 10 12 14 16 18 20 22 24 26 28 30 32 34 36 38 40 42 44 46
48 50 52 54 56 58 60 62 Sawish;
0.5 3 5 7 9 11 13 15 17 19 21 23 25 27 29 31 33 35 37 39 41 43 45 47
49 51 53 55 57 59 61 63 Square;
1 2.009 2 3 4 4.01 8.015 8 9 16.02 16 18 24 32.09 32 64.1 64 3 6 12
24 48 7 14 28 SqRoot;
1 2.01 4.02 6.06 8.08 10.2 12.3 14.5 16.6 18.9 21.01 23.1 23.9 26.5
30 31.333 33 Dis.Saw;
0.33 0.5 1 -1 2 3 -5 5 7 9 11 12 13 14 15 16 17 18 19 20 21 22 23 24
25 26 27 28 Raphy;
0.3333 2.4 3.45 4.76 5.66667 6.7 7.8 9.999 10 11.2345 12.6789 13.2
14.1 16.65 20.1 23 Bells;
0.5 1.01 2 2.01 3.1 4 4.09 5 6 7 8 8.12 16 16.3 32 32.6 33.67 Carousel
;
0.5 3.01 3 5.03 5 7.04 7 9.01 9 11.03 11 13.06 13 15 15.8 17.1 18 DisSquare
;
4 5 6 7 8 9 10 11 12 13 14 15 16 17 18 19 bassTri;
0.5 -3 5 -7 9 -11 13 -15 17 -19 21 -23 25 -27 29 -31 33 TRiangle;
0.5 2 3 5 7 11 13 17 19 23 29 31 37 41 43 47 53 Primes;
