0 length 2814;
0 note 62 100;
72 note 60 100;
178 note 62 0;
185 note 65 100;
205 knob3 0.245357;
222 knob3 0.324536;
258 note 77 100;
259 knob3 0.492669;
262 note 71 100;
267 note 74 100;
298 knob3 0.534702;
344 knob3 0.544477;
366 note 65 0;
390 knob3 0.437928;
408 knob3 0.333333;
423 note 60 0;
442 knob3 0.198436;
463 note 67 100;
467 note 60 100;
475 note 71 0;
482 knob3 0.154448;
488 note 74 0;
499 note 77 0;
529 knob3 0.26784;
530 note 64 100;
576 knob3 0.545455;
593 knob3 0.626588;
667 knob3 0.497556;
703 note 72 100;
713 knob3 0.277615;
720 note 81 100;
758 knob3 0.163245;
777 knob3 0.13392;
813 knob3 0.127077;
865 note 78 100;
897 knob3 0.42522;
946 knob3 0.760508;
961 knob3 0.85044;
997 knob3 0.861193;
1038 knob3 0.72043;
1084 knob3 0.373412;
1130 knob3 0.205279;
1142 knob3 0.162268;
1181 knob3 0.151515;
1224 knob3 0.365591;
1271 knob3 0.73998;
1291 knob3 0.868035;
1328 knob3 0.900293;
1365 knob3 0.855327;
1407 knob3 0.612903;
1438 note 67 0;
1438 note 60 0;
1438 note 64 0;
1438 note 72 0;
1438 note 81 0;
1438 note 78 0;
1439 note 62 100;
1453 knob3 0.26784;
1498 knob3 0.117302;
1512 knob3 0.0742913;
1512 note 60 100;
1551 knob3 0.0625611;
1591 knob3 0.0596285;
1618 note 62 0;
1625 note 65 100;
1636 knob3 0.178886;
1685 knob3 0.548387;
1696 knob3 0.671554;
1698 note 77 100;
1702 note 71 100;
1707 note 74 100;
1734 knob3 0.706745;
1775 knob3 0.596285;
1806 note 65 0;
1823 knob3 0.324536;
1863 note 60 0;
1870 knob3 0.16129;
1885 knob3 0.111437;
1903 note 67 100;
1907 note 60 100;
1915 note 71 0;
1921 knob3 0.0987292;
1928 note 74 0;
1939 note 77 0;
1960 knob3 0.195503;
1970 note 64 100;
2007 knob3 0.507331;
2054 knob3 0.643206;
2072 knob3 0.677419;
2109 knob3 0.591398;
2143 note 72 100;
2144 knob3 0.314761;
2160 note 81 100;
2192 knob3 0.120235;
2238 knob3 0.0469208;
2256 knob3 0.0293255;
2291 knob3 0.0361681;
2305 note 78 100;
2332 knob3 0.179863;
2379 knob3 0.488759;
2424 knob3 0.621701;
2441 knob3 0.654936;
2478 knob3 0.601173;
2518 knob3 0.311828;
2564 knob3 0.162268;
2610 knob3 0.242424;
2623 knob3 0.374389;
2663 knob3 0.629521;
2703 knob3 0.739003;
2747 knob3 0.751711;
2796 knob3 0.747801;
2814 note 67 0;
2814 note 60 0;
2814 note 64 0;
2814 note 72 0;
2814 note 81 0;
2814 note 78 0;
