1
1.1
1.2
1.3
1.4
1.5
1.6
1.7
1.8
1.9
2
2.1
2.2
2.3
2.4
2.5
2.6
2.7
2.8
2.9
3
3.1
3.2
3.3
3.4
3.5
3.6
3.7
3.8
3.9
4
4.1
4.2
4.3
4.4
4.5
4.6
4.7
4.8
4.9
5
5.1
5.2
5.3
5.4
5.5
5.6
5.7
5.8
5.9
5.9
5.92
5.94
5.96
5.98
6
6.02
6.04
6.06
6.08
6.1
6.12
6.14
6.16
6.18
6.2
6.22
6.24
6.26
6.28
6.3
6.32
6.34
6.36
6.38
6.4
6.42
6.44
6.46
6.48
6.5
6.52
6.54
6.56
6.58
6.6
6.62
6.64
6.66
6.68
6.7
6.72
6.74
6.76
6.78
6.8
6.82
6.84
6.86
6.88
6.9
6.92
6.94
6.96
6.98
7
7.02
7.04
7.06
7.08
7.1
7.12
7.14
7.16
7.18
7.2
7.22
7.24
7.26
7.28
7.3
7.32
7.34
7.36
7.38
7.4
7.42
7.44
7.46
7.48
7.5
7.52
7.54
7.56
7.58
7.6
7.62
7.64
7.66
7.68
7.7
7.72
7.74
7.76
7.78
7.8
7.82
7.84
7.86
7.88
7.9
7.92
7.94
7.96
7.98
8
8.02
8.04
8.06
8.08
8.1
8.12
8.14
8.16
8.18
8.2
8.22
8.24
8.26
8.28
8.3
8.32
8.34
8.36
8.38
8.4
8.42
8.44
8.46
8.48
8.5
8.52
8.54
8.56
8.58
8.6
8.62
8.64
8.66
8.68
8.7
8.72
8.74
8.76
8.78
8.8
8.82
8.84
8.86
8.88
8.9
8.92
8.94
8.96
8.98
9
9.02
9.04
9.06
9.08
9.1
9.12
9.14
9.16
9.18
9.2
9.22
9.24
9.26
9.28
9.3
9.32
9.34
9.36
9.38
9.4
9.42
9.44
9.46
9.48
9.5
9.52
9.54
9.56
9.58
9.6
9.62
9.64
9.66
9.68
9.7
9.72
9.74
9.76
9.78
9.8
9.82
9.84
9.86
9.88
9.9
9.92
9.94
9.96
9.98
10
10.02
10.04
10.06
10.08
10.1
10.12
10.14
10.16
10.18
10.2
10.22
10.24
10.26
10.28
10.3
10.32
10.34
10.36
10.38
10.4
10.42
10.44
10.46
10.48
10.5
10.52
10.54
10.56
10.58
10.6
10.62
10.64
10.66
10.68
10.7
10.72
10.74
10.76
10.78
10.8
10.82
10.84
10.86
10.88
10.88
10.8943
10.9086
10.9229
10.9371
10.9514
10.9657
10.98
10.9943
11.0086
11.0229
11.0371
11.0514
11.0657
11.08
11.0943
11.1086
11.1229
11.1371
11.1514
11.1657
11.18
11.1943
11.2086
11.2229
11.2371
11.2514
11.2657
11.28
11.2943
11.3086
11.3229
11.3371
11.3514
11.3657
11.38
11.3943
11.4086
11.4229
11.4371
11.4514
11.4657
11.48
11.4943
11.5086
11.5229
11.5371
11.5514
11.5657
11.58
11.5943
11.6086
11.6229
11.6371
11.6514
11.6657
11.68
11.6943
11.7086
11.7229
11.7371
11.7514
11.7657
11.78
11.7943
11.8086
11.8229
11.8371
11.8514
11.8657
11.88
11.8943
11.9086
11.9229
11.9371
11.9514
11.9657
11.98
11.9943
12.0086
12.0229
12.0371
12.0514
12.0657
12.08
12.0943
12.1086
12.1229
12.1371
12.1514
12.1657
12.18
12.1943
12.2086
12.2229
12.2371
12.2514
12.2657
12.28
12.2943
12.3086
12.3229
12.3371
12.3514
12.3657
12.38
12.3943
12.4086
12.4229
12.4371
12.4514
12.4657
12.48
12.4943
12.5086
12.5229
12.5371
12.5514
12.5657
12.58
12.5943
12.6086
12.6229
12.6371
12.6514
12.6657
12.68
12.6943
12.7086
12.7229
12.7371
12.7514
12.7657
12.78
12.7943
12.8086
12.8229
12.8371
12.8514
12.8657
12.88
12.8943
12.9086
12.9229
12.9371
12.9514
12.9657
12.98
12.9943
13.0086
13.0229
13.0371
13.0514
13.0657
13.08
13.0943
13.1086
13.1229
13.1371
13.1514
13.1657
13.18
13.1943
13.2086
13.2229
13.2371
13.2514
13.2657
13.28
13.2943
13.3086
13.3229
13.3371
13.3514
13.3657
13.38
13.3943
13.4086
13.4229
13.4371
13.4514
13.4657
13.48
13.4943
13.5086
13.5229
13.5371
13.5514
13.5657
13.58
13.5943
13.6086
13.6229
13.6371
13.6514
13.6657
13.68
13.6943
13.7086
13.7229
13.7371
13.7514
13.7657
13.78
13.7943
13.8086
13.8229
13.8371
13.8514
13.8657
13.88
13.8943
13.9086
13.9229
13.9371
13.9514
13.9657
13.98
13.9943
14.0086
14.0229
14.0371
14.0514
14.0657
14.08
14.0943
14.1086
14.1229
14.1371
14.1514
14.1657
14.18
14.1943
14.2086
14.2229
14.2371
14.2514
14.2657
14.28
14.2943
14.3086
14.3229
14.3371
14.3514
14.3657
14.38
14.3943
14.4086
14.4229
14.4371
14.4514
14.4657
14.48
14.4943
14.5086
14.5229
14.5371
14.5514
14.5657
14.58
14.5943
14.6086
14.6229
14.6371
14.6514
14.6657
14.68
14.6943
14.7086
14.7229
14.7371
14.7514
14.7657
14.78
14.7943
14.8086
14.8229
14.8371
14.8514
14.8657
14.88
14.8943
14.9086
14.9229
14.9371
14.9514
14.9657
14.98
14.9943
15.0086
15.0229
15.0371
15.0514
15.0657
15.08
15.0943
15.1086
15.1229
15.1371
15.1514
15.1657
15.18
15.1943
15.2086
15.2229
15.2371
15.2514
15.2657
15.28
15.2943
15.3086
15.3229
15.3371
15.3514
15.3657
15.38
15.3943
15.4086
15.4229
15.4371
15.4514
15.4657
15.48
15.4943
15.5086
15.5229
15.5371
15.5514
15.5657
15.58
15.5943
15.6086
15.6229
15.6371
15.6514
15.6657
15.68
15.6943
15.7086
15.7229
15.7371
15.7514
15.7657
15.78
15.7943
15.8086
15.8229
15.8371
15.8514
15.8657
15.88
15.8943
15.9086
15.9229
15.9371
15.9514
15.9657
15.98
15.9943
16.0086
16.0229
16.0371
16.0514
16.0657
16.08
16.0943
16.1086
16.1229
16.1371
16.1514
16.1657
16.18
16.1943
16.2086
16.2229
16.2371
16.2514
16.2657
16.28
16.2943
16.3086
16.3229
16.3371
16.3514
16.3657
16.38
16.3943
16.4086
16.4229
16.4371
16.4514
16.4657
16.48
16.4943
16.5086
16.5229
16.5371
16.5514
16.5657
16.58
16.5943
16.6086
16.6229
16.6371
16.6514
16.6657
16.68
16.6943
16.7086
16.7229
16.7371
16.7514
16.7657
16.78
16.7943
16.8086
16.8229
16.8371
16.8514
16.8657
16.88
16.8943
16.9086
16.9229
16.9371
16.9514
16.9657
16.98
16.9943
17.0086
17.0229
17.0371
17.0514
17.0657
17.08
17.0943
17.1086
17.1229
17.1371
17.1514
17.1657
17.18
17.1943
17.2086
17.2229
17.2371
17.2514
17.2657
17.28
17.2943
17.3086
17.3229
17.3371
17.3514
17.3657
17.38
17.3943
17.4086
17.4229
17.4371
17.4514
17.4657
17.48
17.4943
17.5086
17.5229
17.5371
17.5514
17.5657
17.58
17.5943
17.6086
17.6229
17.6371
17.6514
17.6657
17.68
17.6943
17.7086
17.7229
17.7371
17.7514
17.7657
17.78
17.7943
17.8086
17.8229
17.8371
17.8514
17.8657
17.88
17.8943
17.9086
17.9229
17.9371
17.9514
17.9657
17.98
17.9943
18.0086
18.0229
18.0371
18.0514
18.0657
18.08
18.0943
18.1086
18.1229
18.1371
18.1514
18.1657
18.18
18.1943
18.2086
18.2229
18.2371
18.2514
18.2657
18.28
18.2943
18.3086
18.3229
18.3371
18.3514
18.3657
18.38
18.3943
18.4086
18.4229
18.4371
18.4514
18.4657
18.48
18.4943
18.5086
18.5229
18.5371
18.5514
18.5657
18.58
18.5943
18.6086
18.6229
18.6371
18.6514
18.6657
18.68
18.6943
18.7086
18.7229
18.7371
18.7514
18.7657
18.78
18.7943
18.8086
18.8229
18.8371
18.8514
18.8657
18.88
18.8943
18.9086
18.9229
18.9371
18.9514
18.9657
18.98
18.9943
19.0086
19.0229
19.0371
19.0514
19.0657
19.08
19.0943
19.1086
19.1229
19.1371
19.1514
19.1657
19.18
19.1943
19.2086
19.2229
19.2371
19.2514
19.2657
19.28
19.2943
19.3086
19.3229
19.3371
19.3514
19.3657
19.38
19.3943
19.4086
19.4229
19.4371
19.4514
19.4657
19.48
19.4943
19.5086
19.5229
19.5371
19.5514
19.5657
19.58
19.5943
19.6086
19.6229
19.6371
19.6514
19.6657
19.68
19.6943
19.7086
19.7229
19.7371
19.7514
19.7657
19.78
19.7943
19.8086
19.8229
19.8371
19.8514
19.8657
19.88
19.8943
19.9086
19.9229
19.9371
19.9514
19.9657
19.98
19.9943
20.0086
20.0229
20.0371
20.0514
20.0657
20.08
20.0943
20.1086
20.1229
20.1371
20.1514
20.1657
20.18
20.1943
20.2086
20.2229
20.2371
20.2514
20.2657
20.28
20.2943
20.3086
20.3229
20.3371
20.3514
20.3657
20.38
20.3943
20.4086
20.4229
20.4371
20.4514
20.4657
20.48
20.4943
20.5086
20.5229
20.5371
20.5514
20.5657
20.58
20.5943
20.6086
20.6229
20.6371
20.6514
20.6657
20.68
20.6943
20.7086
20.7229
20.7371
20.7514
20.7657
20.78
20.7943
20.8086
20.8229
20.8371
20.8514
20.8657
