-1
-0.995935
-0.99187
-0.987805
-0.98374
-0.979675
-0.97561
-0.971545
-0.96748
-0.963415
-0.95935
-0.955285
-0.951219
-0.947154
-0.943089
-0.939024
-0.934959
-0.930894
-0.926829
-0.922764
-0.918699
-0.914634
-0.910569
-0.906504
-0.902439
-0.898374
-0.894309
-0.890244
-0.886179
-0.882114
-0.878049
-0.873984
-0.869919
-0.865854
-0.861789
-0.857724
-0.853659
-0.849594
-0.845528
-0.841463
-0.837398
-0.833333
-0.829268
-0.825203
-0.821138
-0.817073
-0.813008
-0.808943
-0.804878
-0.800813
-0.796748
-0.792683
-0.788618
-0.784553
-0.780488
-0.776423
-0.772358
-0.768293
-0.764228
-0.760163
-0.756098
-0.752033
-0.747967
-0.743902
-0.739837
-0.735772
-0.731707
-0.727642
-0.723577
-0.719512
-0.715447
-0.711382
-0.707317
-0.703252
-0.699187
-0.695122
-0.691057
-0.686992
-0.682927
-0.678862
-0.674797
-0.670732
-0.666667
-0.662602
-0.658537
-0.654472
-0.650406
-0.646341
-0.642276
-0.638211
-0.634146
-0.630081
-0.626016
-0.621951
-0.617886
-0.613821
-0.609756
-0.605691
-0.601626
-0.597561
-0.593496
-0.589431
-0.585366
-0.581301
-0.577236
-0.573171
-0.569106
-0.565041
-0.560976
-0.556911
-0.552846
-0.548781
-0.544715
-0.54065
-0.536585
-0.53252
-0.528455
-0.52439
-0.520325
-0.51626
-0.512195
-0.50813
-0.504065
-0.5
-0.495935
-0.49187
-0.487805
-0.48374
-0.479675
-0.47561
-0.471545
-0.46748
-0.463415
-0.45935
-0.455285
-0.451219
-0.447154
-0.443089
-0.439024
-0.434959
-0.430894
-0.426829
-0.422764
-0.418699
-0.414634
-0.410569
-0.406504
-0.402439
-0.398374
-0.394309
-0.390244
-0.386179
-0.382114
-0.378049
-0.373984
-0.369919
-0.365854
-0.361789
-0.357724
-0.353659
-0.349594
-0.345528
-0.341463
-0.337398
-0.333333
-0.329268
-0.325203
-0.321138
-0.317073
-0.313008
-0.308943
-0.304878
-0.300813
-0.296748
-0.292683
-0.288618
-0.284553
-0.280488
-0.276423
-0.272358
-0.268293
-0.264228
-0.260163
-0.256098
-0.252033
-0.247967
-0.243902
-0.239837
-0.235772
-0.231707
-0.227642
-0.223577
-0.219512
-0.215447
-0.211382
-0.207317
-0.203252
-0.199187
-0.195122
-0.191057
-0.186992
-0.182927
-0.178862
-0.174797
-0.170732
-0.166667
-0.162602
-0.158537
-0.154472
-0.150406
-0.146341
-0.142276
-0.138211
-0.134146
-0.130081
-0.126016
-0.121951
-0.117886
-0.113821
-0.109756
-0.105691
-0.101626
-0.097561
-0.0934959
-0.0894309
-0.0853658
-0.0813008
-0.0772358
-0.0731707
-0.0691057
-0.0650406
-0.0609756
-0.0569106
-0.0528455
-0.0487805
-0.0447155
-0.0406504
-0.0365854
-0.0325204
-0.0284553
-0.0243902
-0.0203252
-0.0162601
-0.0121951
-0.00813007
-0.00406504
0
0.00406504
0.00813007
0.0121951
0.0162601
0.0203252
0.0243902
0.0284553
0.0325203
0.0365853
0.0406504
0.0447154
0.0487804
0.0528455
0.0569105
0.0609756
0.0650407
0.0691057
0.0731708
0.0772358
0.0813009
0.0853659
0.0894309
0.093496
0.097561
0.101626
0.105691
0.109756
0.113821
0.117886
0.121951
0.126016
0.130081
0.134146
0.138211
0.142276
0.146341
0.150406
0.154472
0.158537
0.162602
0.166667
0.170732
0.174797
0.178862
0.182927
0.186992
0.191057
0.195122
0.199187
0.203252
0.207317
0.211382
0.215447
0.219512
0.223577
0.227642
0.231707
0.235772
0.239837
0.243902
0.247967
0.252033
0.256098
0.260163
0.264228
0.268293
0.272358
0.276423
0.280488
0.284553
0.288618
0.292683
0.296748
0.300813
0.304878
0.308943
0.313008
0.317073
0.321138
0.325203
0.329268
0.333333
0.337398
0.341463
0.345528
0.349594
0.353659
0.357724
0.361789
0.365854
0.369919
0.373984
0.378049
0.382114
0.386179
0.390244
0.394309
0.398374
0.402439
0.406504
0.410569
0.414634
0.418699
0.422764
0.426829
0.430894
0.434959
0.439024
0.443089
0.447155
0.45122
0.455285
0.45935
0.463415
0.46748
0.471545
0.47561
0.479675
0.48374
0.487805
0.49187
0.495935
0.5
0.504065
0.50813
0.512195
0.51626
0.520325
0.52439
0.528455
0.53252
0.536585
0.54065
0.544715
0.54878
0.552845
0.556911
0.560976
0.565041
0.569106
0.573171
0.577236
0.581301
0.585366
0.589431
0.593496
0.597561
0.601626
0.605691
0.609756
0.613821
0.617886
0.621951
0.626016
0.630081
0.634146
0.638211
0.642276
0.646341
0.650406
0.654472
0.658537
0.662602
0.666667
0.670732
0.674797
0.678862
0.682927
0.686992
0.691057
0.695122
0.699187
0.703252
0.707317
0.711382
0.715447
0.719512
0.723577
0.727642
0.731707
0.735772
0.739837
0.743902
0.747967
0.752033
0.756098
0.760163
0.764228
0.768293
0.772358
0.776423
0.780488
0.784553
0.788618
0.792683
0.796748
0.800813
0.804878
0.808943
0.813008
0.817073
0.821138
0.825203
0.829268
0.833333
0.837398
0.841463
0.845528
0.849594
0.853659
0.857724
0.861789
0.865854
0.869919
0.873984
0.878049
0.882114
0.886179
0.890244
0.894309
0.898374
0.902439
0.906504
0.910569
0.914634
0.918699
0.922764
0.926829
0.930894
0.934959
0.939024
0.943089
0.947155
0.95122
0.955285
0.95935
0.963415
0.96748
0.971545
0.97561
0.979675
0.98374
0.987805
0.99187
0.995935
1
0.805
0.62
0.445
0.28
0.125
-0.02
-0.155
-0.28
-0.395
-0.5
-0.595
-0.68
-0.755
-0.82
-0.875
-0.92
-0.955
-0.98
-0.995
-1
-1
-1
