0
0.001875
0.0075
0.016875
0.03
0.046875
0.0675
0.091875
0.12
0.151875
0.1875
0.226875
0.27
0.316875
0.3675
0.421875
0.48
0.541875
0.6075
0.676875
0.75
0.75
0.75
0.75
0.75
0.75
0.75
0.75
0.75
0.75
0.75
0.75
0.75
0.75
0.75
0.75
0.75
0.75
0.75
0.75
0.75
0.75
0.75
0.75
0.75
0.75
0.75
0.75
0.75
0.75
0.75
0.75
0.75
0.75
0.75
0.75
0.75
0.75
0.75
0.75
0.75
0.75
0.75
0.75
0.75
0.75
0.75
0.75
0.75
0.75
0.75
0.75
0.75
0.75
0.75
0.75
0.75
0.75
0.75
0.75
0.75
0.75
0.75
0.75
0.75
0.75
0.75
0.75
0.75
0.75
0.75
0.75
0.75
0.75
0.75
0.75
0.75
0.75
0.75
0.75
0.75
0.75
0.75
0.75
0.75
0.75
0.75
0.75
0.75
0.75
0.75
0.75
0.75
0.75
0.75
0.75
0.75
0.75
0.75
0.75
0.75
0.75
0.75
0.75
0.75
0.75
0.75
0.75
0.75
0.75
0.75
0.75
0.75
0.75
0.75
0.75
0.75
0.75
0.75
0.75
0.75
0.75
0.75
0.75
0.75
0.75
0.75
0.75
0.75
0.75
0.75
0.75
0.75
0.75
0.75
0.75
0.75
0.75
0.75
0.75
0.75
0.75
0.75
0.75
0.75
0.75
0.75
0.75
0.75
0.75
0.75
0.75
0.75
0.75
0.75
0.75
0.75
0.75
0.75
0.75
0.75
0.75
0.75
0.75
0.75
0.75
0.75
0.75
0.75
0.75
0.75
0.75
0.75
0.75
0.75
0.75
0.75
0.75
0.75
0.75
0.75
0.75
0.75
0.75
0.75
0.75
0.75
0.75
0.75
0.75
0.75
0.75
0.75
0.75
0.75
0.75
0.75
0.75
0.75
0.75
0.75
0.75
0.75
0.75
0.75
0.75
0.75
0.75
0.75
0.75
0.75
0.75
0.75
0.75
0.75
0.75
0.75
0.75
0.75
0.75
0.75
0.75
0.75
0.75
0.75
0.75
0.75
0.75
0.75
0.75
0.75
0.75
0.75
0.75
0.75
0.75
0.75
0.60375
0.465
0.33375
0.21
0.09375
-0.015
-0.11625
-0.21
-0.29625
-0.375
-0.44625
-0.51
-0.56625
-0.615
-0.65625
-0.69
-0.71625
-0.735
-0.74625
-0.75
-0.75
-0.75
-0.75
-0.75
-0.75
-0.75
-0.75
-0.75
-0.75
-0.75
-0.75
-0.75
-0.75
-0.75
-0.75
-0.75
-0.75
-0.75
-0.75
-0.75
-0.75
-0.75
-0.75
-0.75
-0.75
-0.75
-0.75
-0.75
-0.75
-0.75
-0.75
-0.75
-0.75
-0.75
-0.75
-0.75
-0.75
-0.75
-0.75
-0.75
-0.75
-0.75
-0.75
-0.75
-0.75
-0.75
-0.75
-0.75
-0.75
-0.75
-0.75
-0.75
-0.75
-0.75
-0.75
-0.75
-0.75
-0.75
-0.75
-0.75
-0.75
-0.75
-0.75
-0.75
-0.75
-0.75
-0.75
-0.75
-0.75
-0.75
-0.75
-0.75
-0.75
-0.75
-0.75
-0.75
-0.75
-0.75
-0.75
-0.75
-0.75
-0.75
-0.75
-0.75
-0.75
-0.75
-0.75
-0.75
-0.75
-0.75
-0.75
-0.75
-0.75
-0.75
-0.75
-0.75
-0.75
-0.75
-0.75
-0.75
-0.75
-0.75
-0.75
-0.75
-0.75
-0.75
-0.75
-0.75
-0.75
-0.75
-0.75
-0.75
-0.75
-0.75
-0.75
-0.75
-0.75
-0.75
-0.75
-0.75
-0.75
-0.75
-0.75
-0.75
-0.75
-0.75
-0.75
-0.75
-0.75
-0.75
-0.75
-0.75
-0.75
-0.75
-0.75
-0.75
-0.75
-0.75
-0.75
-0.75
-0.75
-0.75
-0.75
-0.75
-0.75
-0.75
-0.75
-0.75
-0.75
-0.75
-0.75
-0.75
-0.75
-0.75
-0.75
-0.75
-0.75
-0.75
-0.75
-0.75
-0.75
-0.75
-0.75
-0.75
-0.75
-0.75
-0.75
-0.75
-0.75
-0.75
-0.75
-0.75
-0.75
-0.75
-0.75
-0.75
-0.75
-0.75
-0.75
-0.75
-0.75
-0.75
-0.75
-0.75
-0.75
-0.75
-0.75
-0.75
-0.75
-0.75
-0.75
-0.75
-0.75
-0.75
-0.75
-0.75
-0.75
-0.75
-0.75
-0.75
-0.75
-0.75
-0.75
-0.75
-0.75
-0.75
-0.75
-0.75
-0.75
-0.75
-0.75
-0.75
-0.75
-0.75
-0.75
-0.75
-0.748125
-0.7425
-0.733125
-0.72
-0.703125
-0.6825
-0.658125
-0.63
-0.598125
-0.5625
-0.523125
-0.48
-0.433125
-0.3825
-0.328125
-0.27
-0.208125
-0.1425
-0.073125
0
0
0
