-1
-0.992188
-0.984375
-0.976562
-0.96875
-0.960938
-0.953125
-0.945312
-0.9375
-0.929688
-0.921875
-0.914062
-0.90625
-0.898438
-0.890625
-0.882812
-0.875
-0.867188
-0.859375
-0.851562
-0.84375
-0.835938
-0.828125
-0.820312
-0.8125
-0.804688
-0.796875
-0.789062
-0.78125
-0.773438
-0.765625
-0.757812
-0.75
-0.742188
-0.734375
-0.726562
-0.71875
-0.710938
-0.703125
-0.695312
-0.6875
-0.679688
-0.671875
-0.664062
-0.65625
-0.648438
-0.640625
-0.632812
-0.625
-0.617188
-0.609375
-0.601562
-0.59375
-0.585938
-0.578125
-0.570312
-0.5625
-0.554688
-0.546875
-0.539062
-0.53125
-0.523438
-0.515625
-0.507812
-0.5
-0.492188
-0.484375
-0.476562
-0.46875
-0.460938
-0.453125
-0.445312
-0.4375
-0.429688
-0.421875
-0.414062
-0.40625
-0.398438
-0.390625
-0.382812
-0.375
-0.367188
-0.359375
-0.351562
-0.34375
-0.335938
-0.328125
-0.320312
-0.3125
-0.304688
-0.296875
-0.289062
-0.28125
-0.273438
-0.265625
-0.257812
-0.25
-0.242188
-0.234375
-0.226562
-0.21875
-0.210938
-0.203125
-0.195312
-0.1875
-0.179688
-0.171875
-0.164062
-0.15625
-0.148438
-0.140625
-0.132812
-0.125
-0.117188
-0.109375
-0.101562
-0.09375
-0.0859375
-0.078125
-0.0703125
-0.0625
-0.0546875
-0.046875
-0.0390625
-0.03125
-0.0234375
-0.015625
-0.0078125
0
0.0078125
0.015625
0.0234375
0.03125
0.0390625
0.046875
0.0546875
0.0625
0.0703125
0.078125
0.0859375
0.09375
0.101562
0.109375
0.117188
0.125
0.132812
0.140625
0.148438
0.15625
0.164062
0.171875
0.179688
0.1875
0.195312
0.203125
0.210938
0.21875
0.226562
0.234375
0.242188
0.25
0.257812
0.265625
0.273438
0.28125
0.289062
0.296875
0.304688
0.3125
0.320312
0.328125
0.335938
0.34375
0.351562
0.359375
0.367188
0.375
0.382812
0.390625
0.398438
0.40625
0.414062
0.421875
0.429688
0.4375
0.445312
0.453125
0.460938
0.46875
0.476562
0.484375
0.492188
0.5
0.507812
0.515625
0.523438
0.53125
0.539062
0.546875
0.554688
0.5625
0.570312
0.578125
0.585938
0.59375
0.601562
0.609375
0.617188
0.625
0.632812
0.640625
0.648438
0.65625
0.664062
0.671875
0.679688
0.6875
0.695312
0.703125
0.710938
0.71875
0.726562
0.734375
0.742188
0.75
0.757812
0.765625
0.773438
0.78125
0.789062
0.796875
0.804688
0.8125
0.820312
0.828125
0.835938
0.84375
0.851562
0.859375
0.867188
0.875
0.882812
0.890625
0.898438
0.90625
0.914062
0.921875
0.929688
0.9375
0.945312
0.953125
0.960938
0.96875
0.976562
0.984375
0.992188
1
0.992188
0.984375
0.976562
0.96875
0.960938
0.953125
0.945312
0.9375
0.929688
0.921875
0.914062
0.90625
0.898438
0.890625
0.882812
0.875
0.867188
0.859375
0.851562
0.84375
0.835938
0.828125
0.820312
0.8125
0.804688
0.796875
0.789062
0.78125
0.773438
0.765625
0.757812
0.75
0.742188
0.734375
0.726562
0.71875
0.710938
0.703125
0.695312
0.6875
0.679688
0.671875
0.664062
0.65625
0.648438
0.640625
0.632812
0.625
0.617188
0.609375
0.601562
0.59375
0.585938
0.578125
0.570312
0.5625
0.554688
0.546875
0.539062
0.53125
0.523438
0.515625
0.507812
0.5
0.492188
0.484375
0.476562
0.46875
0.460938
0.453125
0.445312
0.4375
0.429688
0.421875
0.414062
0.40625
0.398438
0.390625
0.382812
0.375
0.367188
0.359375
0.351562
0.34375
0.335938
0.328125
0.320312
0.3125
0.304688
0.296875
0.289062
0.28125
0.273438
0.265625
0.257812
0.25
0.242188
0.234375
0.226562
0.21875
0.210938
0.203125
0.195312
0.1875
0.179688
0.171875
0.164062
0.15625
0.148438
0.140625
0.132812
0.125
0.117188
0.109375
0.101562
0.09375
0.0859375
0.078125
0.0703125
0.0625
0.0546875
0.046875
0.0390625
0.03125
0.0234375
0.015625
0.0078125
0
-0.0078125
-0.015625
-0.0234375
-0.03125
-0.0390625
-0.046875
-0.0546875
-0.0625
-0.0703125
-0.078125
-0.0859375
-0.09375
-0.101562
-0.109375
-0.117188
-0.125
-0.132812
-0.140625
-0.148438
-0.15625
-0.164062
-0.171875
-0.179688
-0.1875
-0.195312
-0.203125
-0.210938
-0.21875
-0.226562
-0.234375
-0.242188
-0.25
-0.257812
-0.265625
-0.273438
-0.28125
-0.289062
-0.296875
-0.304688
-0.3125
-0.320312
-0.328125
-0.335938
-0.34375
-0.351562
-0.359375
-0.367188
-0.375
-0.382812
-0.390625
-0.398438
-0.40625
-0.414062
-0.421875
-0.429688
-0.4375
-0.445312
-0.453125
-0.460938
-0.46875
-0.476562
-0.484375
-0.492188
-0.5
-0.507812
-0.515625
-0.523438
-0.53125
-0.539062
-0.546875
-0.554688
-0.5625
-0.570312
-0.578125
-0.585938
-0.59375
-0.601562
-0.609375
-0.617188
-0.625
-0.632812
-0.640625
-0.648438
-0.65625
-0.664062
-0.671875
-0.679688
-0.6875
-0.695312
-0.703125
-0.710938
-0.71875
-0.726562
-0.734375
-0.742188
-0.75
-0.757812
-0.765625
-0.773438
-0.78125
-0.789062
-0.796875
-0.804688
-0.8125
-0.820312
-0.828125
-0.835938
-0.84375
-0.851562
-0.859375
-0.867188
-0.875
-0.882812
-0.890625
-0.898438
-0.90625
-0.914062
-0.921875
-0.929688
-0.9375
-0.945312
-0.953125
-0.960938
-0.96875
-0.976562
-0.984375
-0.992188
-1
-1
-1
