0 length 2661;
0 note 83 100;
126 note 82 100;
140 note 83 0;
202 note 82 0;
207 note 82 100;
208 note 82 0;
222 knob2 0.565005;
222 note 81 100;
261 knob2 0.44086;
270 knob2 0.383187;
303 knob2 0.328446;
305 note 81 0;
332 knob2 0.2913;
364 note 80 100;
371 knob2 0.255132;
407 knob2 0.219941;
420 knob2 0.207234;
425 note 79 100;
432 note 80 0;
447 knob2 0.198436;
482 knob2 0.195503;
502 note 79 0;
566 knob2 0.199413;
595 knob2 0.241447;
618 note 83 100;
628 knob2 0.335288;
665 knob2 0.438905;
682 knob2 0.494624;
712 knob2 0.561095;
742 knob2 0.614858;
745 note 82 100;
759 note 83 0;
776 knob2 0.649071;
814 knob2 0.664712;
821 note 82 0;
826 note 82 100;
827 note 82 0;
841 note 81 100;
856 knob2 0.691105;
863 knob2 0.705767;
897 knob2 0.734115;
924 note 81 0;
926 knob2 0.766373;
962 knob2 0.802542;
983 note 80 100;
1004 knob2 0.852395;
1011 knob2 0.879765;
1038 knob2 0.910068;
1044 note 79 100;
1051 note 80 0;
1072 knob2 0.943304;
1110 knob2 1;
1121 note 79 0;
1237 note 83 100;
1364 note 82 100;
1378 note 83 0;
1440 note 82 0;
1445 note 82 100;
1446 note 82 0;
1460 note 81 100;
1543 note 81 0;
1602 note 80 100;
1663 note 79 100;
1670 note 80 0;
1740 note 79 0;
1816 knob2 0.83871;
1850 knob2 0.617791;
1856 note 83 100;
1864 knob2 0.503421;
1897 knob2 0.351906;
1928 knob2 0.229717;
1962 knob2 0.107527;
1983 note 82 100;
1997 note 83 0;
2002 knob2 0;
2059 note 82 0;
2064 note 82 100;
2065 note 82 0;
2079 note 81 100;
2162 note 81 0;
2221 note 80 100;
2282 note 79 100;
2289 note 80 0;
2359 note 79 0;
2371 knob2 0.0469208;
2406 knob2 0.144673;
2441 knob2 0.204301;
2459 knob2 0.218964;
2475 note 83 100;
2485 knob2 0.222874;
2602 note 82 100;
2616 note 83 0;
2661 note 82 0;
